cell_area,cell_length,cell_width_avg,cell_width_max,dye_area,dye_length,dye_width,dye_delta,ratio_area,ratio_length,ratio_width,DNA_intensity,DNA_perNuc,nuclei_delta,nucleiNr,mid2_check,cut3_check,cycle_phase,growth_rate,OD_extraction,stain_check,analysis_mode,condition,replica,tPoint
-2.02409638554217,-2.89497170222029,-0.48784907269239,-0.48784907269239,NaN,NaN,NaN,NaN,NaN,NaN,NaN,0,0,0,0,0,0,NaN,0.0385,0.4,0,MAT,Trp,B,NaN
-2.02409638554217,-2.89497170222029,-0.48784907269239,-0.48784907269239,NaN,NaN,NaN,NaN,NaN,NaN,NaN,0,0,0,0,0,0,NaN,0.0385,0.4,0,MAT,Trp,B,NaN
1.85335628227195,2.83441445363518,0.599219782562353,1.0744105734385,NaN,NaN,NaN,NaN,NaN,NaN,NaN,6675000,256450,4.01216,2,1,0,4,0.0385,0.4,0,MAT,Trp,B,NaN
-2.02409638554217,-2.89497170222029,-0.48784907269239,-0.48784907269239,NaN,NaN,NaN,NaN,NaN,NaN,NaN,0,0,0,0,0,0,NaN,0.0385,0.4,0,MAT,Trp,B,NaN
-2.02409638554217,-2.89497170222029,-0.48784907269239,-0.48784907269239,NaN,NaN,NaN,NaN,NaN,NaN,NaN,0,0,0,0,0,0,NaN,0.0385,0.4,0,MAT,Trp,B,NaN
-2.02409638554217,-2.89497170222029,-0.48784907269239,-0.48784907269239,NaN,NaN,NaN,NaN,NaN,NaN,NaN,0,0,0,0,0,0,NaN,0.0385,0.4,0,MAT,Trp,B,NaN
-2.02409638554217,-2.89497170222029,-0.48784907269239,-0.48784907269239,NaN,NaN,NaN,NaN,NaN,NaN,NaN,0,0,0,0,0,0,NaN,0.0385,0.4,0,MAT,Trp,B,NaN
-2.02409638554217,-2.89497170222029,-0.48784907269239,-0.48784907269239,NaN,NaN,NaN,NaN,NaN,NaN,NaN,0,0,0,0,0,0,NaN,0.0385,0.4,0,MAT,Trp,B,NaN
-2.02409638554217,-2.89497170222029,-0.48784907269239,-0.48784907269239,NaN,NaN,NaN,NaN,NaN,NaN,NaN,0,0,0,0,0,0,NaN,0.0385,0.4,0,MAT,Trp,B,NaN
-2.02409638554217,-2.89497170222029,-0.48784907269239,-0.48784907269239,NaN,NaN,NaN,NaN,NaN,NaN,NaN,0,0,0,0,0,0,NaN,0.0385,0.4,0,MAT,Trp,B,NaN
-2.02409638554217,-2.89497170222029,-0.48784907269239,-0.48784907269239,NaN,NaN,NaN,NaN,NaN,NaN,NaN,0,0,0,0,0,0,NaN,0.0385,0.4,0,MAT,Trp,B,NaN
-2.02409638554217,-2.89497170222029,-0.48784907269239,-0.48784907269239,NaN,NaN,NaN,NaN,NaN,NaN,NaN,0,0,0,0,0,0,NaN,0.0385,0.4,0,MAT,Trp,B,NaN
-2.02409638554217,-2.89497170222029,-0.48784907269239,-0.48784907269239,NaN,NaN,NaN,NaN,NaN,NaN,NaN,0,0,0,0,0,0,NaN,0.0385,0.4,0,MAT,Trp,B,NaN
-2.02409638554217,-2.89497170222029,-0.48784907269239,-0.48784907269239,NaN,NaN,NaN,NaN,NaN,NaN,NaN,0,0,0,0,0,0,NaN,0.0385,0.4,0,MAT,Trp,B,NaN
-2.02409638554217,-2.89497170222029,-0.48784907269239,-0.48784907269239,NaN,NaN,NaN,NaN,NaN,NaN,NaN,0,0,0,0,0,0,NaN,0.0385,0.4,0,MAT,Trp,B,NaN
-2.02409638554217,-2.89497170222029,-0.48784907269239,-0.48784907269239,NaN,NaN,NaN,NaN,NaN,NaN,NaN,0,0,0,0,0,0,NaN,0.0385,0.4,0,MAT,Trp,B,NaN
26.0433734939759,10.7060731388768,2.71385632061394,3.32268173097421,NaN,NaN,NaN,NaN,NaN,NaN,NaN,2244100,216570,1.434576,1,0,0,1,0.0385,0.4,0,MAT,Trp,B,NaN
12.9569707401033,6.98452329124946,1.92767000639522,2.46145811127691,NaN,NaN,NaN,NaN,NaN,NaN,NaN,3739200,350370,1.12344,1,0,0,1,0.0385,0.4,0,MAT,Trp,B,NaN
-2.02409638554217,-2.89497170222029,-0.48784907269239,-0.48784907269239,NaN,NaN,NaN,NaN,NaN,NaN,NaN,0,0,0,0,0,0,NaN,0.0385,0.4,0,MAT,Trp,B,NaN
13.7280550774527,4.81943839791032,2.78923470475378,3.75977403538691,NaN,NaN,NaN,NaN,NaN,NaN,NaN,NaN,NaN,0,0,0,0,NaN,0.0385,0.4,0,MAT,Trp,B,NaN
-2.02409638554217,-2.89497170222029,-0.48784907269239,-0.48784907269239,NaN,NaN,NaN,NaN,NaN,NaN,NaN,0,0,0,0,0,0,NaN,0.0385,0.4,0,MAT,Trp,B,NaN
-2.02409638554217,-2.89497170222029,-0.48784907269239,-0.48784907269239,NaN,NaN,NaN,NaN,NaN,NaN,NaN,0,0,0,0,0,0,NaN,0.0385,0.4,0,MAT,Trp,B,NaN
-2.02409638554217,-2.89497170222029,-0.48784907269239,-0.48784907269239,NaN,NaN,NaN,NaN,NaN,NaN,NaN,0,0,0,0,0,0,NaN,0.0385,0.4,0,MAT,Trp,B,NaN
17.4072289156627,5.70250326512843,2.9179918993818,3.51897250053294,NaN,NaN,NaN,NaN,NaN,NaN,NaN,2254200,340700,1.470384,1,0,0,1,0.0385,0.4,0,MAT,Trp,B,NaN
-2.02409638554217,-2.89497170222029,-0.48784907269239,-0.48784907269239,NaN,NaN,NaN,NaN,NaN,NaN,NaN,0,0,0,0,0,0,NaN,0.0385,0.4,0,MAT,Trp,B,NaN
-2.02409638554217,-2.89497170222029,-0.48784907269239,-0.48784907269239,NaN,NaN,NaN,NaN,NaN,NaN,NaN,0,0,0,0,0,0,NaN,0.0385,0.4,0,MAT,Trp,B,NaN
-2.02409638554217,-2.89497170222029,-0.48784907269239,-0.48784907269239,NaN,NaN,NaN,NaN,NaN,NaN,NaN,0,0,0,0,0,0,NaN,0.0385,0.4,0,MAT,Trp,B,NaN
17.4953528399312,7.40855463648237,2.30370923044127,3.09501172457898,NaN,NaN,NaN,NaN,NaN,NaN,NaN,2399900,373230,1.62016,1,0,0,1,0.0385,0.4,0,MAT,Trp,B,NaN
-2.02409638554217,-2.89497170222029,-0.48784907269239,-0.48784907269239,NaN,NaN,NaN,NaN,NaN,NaN,NaN,0,0,0,0,0,0,NaN,0.0385,0.4,0,MAT,Trp,B,NaN
17.3191049913941,6.43284719198955,2.90332551694735,3.56348326582818,NaN,NaN,NaN,NaN,NaN,NaN,NaN,2389100,511680,1.469184,1,0,0,1,0.0385,0.4,0,MAT,Trp,B,NaN
-2.02409638554217,-2.89497170222029,-0.48784907269239,-0.48784907269239,NaN,NaN,NaN,NaN,NaN,NaN,NaN,0,0,0,0,0,0,NaN,0.0385,0.4,0,MAT,Trp,B,NaN
-2.02409638554217,-2.89497170222029,-0.48784907269239,-0.48784907269239,NaN,NaN,NaN,NaN,NaN,NaN,NaN,0,0,0,0,0,0,NaN,0.0385,0.4,0,MAT,Trp,B,NaN
16.2616179001721,5.31103613408794,2.72971647836282,3.77580473246643,NaN,NaN,NaN,NaN,NaN,NaN,NaN,1672900,261400,1.440672,1,0,0,1,0.0385,0.4,0,MAT,Trp,B,NaN
-2.02409638554217,-2.89497170222029,-0.48784907269239,-0.48784907269239,NaN,NaN,NaN,NaN,NaN,NaN,NaN,0,0,0,0,0,0,NaN,0.0385,0.4,0,MAT,Trp,B,NaN
-2.02409638554217,-2.89497170222029,-0.48784907269239,-0.48784907269239,NaN,NaN,NaN,NaN,NaN,NaN,NaN,0,0,0,0,0,0,NaN,0.0385,0.4,0,MAT,Trp,B,NaN
13.6619621342513,4.76214627775359,2.51176721381369,3.14293327648689,NaN,NaN,NaN,NaN,NaN,NaN,NaN,2912000,841490,1.284656,1,0,0,1,0.0385,0.4,0,MAT,Trp,B,NaN
17.0987951807229,6.58574227252939,2.71078661266255,3.71628650607546,NaN,NaN,NaN,NaN,NaN,NaN,NaN,1091000,144890,1.31688,1,0,0,1,0.0385,0.4,0,MAT,Trp,B,NaN
-2.02409638554217,-2.89497170222029,-0.48784907269239,-0.48784907269239,NaN,NaN,NaN,NaN,NaN,NaN,NaN,0,0,0,0,0,0,NaN,0.0385,0.4,0,MAT,Trp,B,NaN
-2.02409638554217,-2.89497170222029,-0.48784907269239,-0.48784907269239,NaN,NaN,NaN,NaN,NaN,NaN,NaN,0,0,0,0,0,0,NaN,0.0385,0.4,0,MAT,Trp,B,NaN
-2.02409638554217,-2.89497170222029,-0.48784907269239,-0.48784907269239,NaN,NaN,NaN,NaN,NaN,NaN,NaN,0,0,0,0,0,0,NaN,0.0385,0.4,0,MAT,Trp,B,NaN
20.8660929432014,9.14769264257728,2.43672990833511,3.53994883820081,NaN,NaN,NaN,NaN,NaN,NaN,NaN,NaN,NaN,0,0,0,0,NaN,0.0385,0.4,0,MAT,Trp,B,NaN
-2.02409638554217,-2.89497170222029,-0.48784907269239,-0.48784907269239,NaN,NaN,NaN,NaN,NaN,NaN,NaN,0,0,0,0,0,0,NaN,0.0385,0.4,0,MAT,Trp,B,NaN
-2.02409638554217,-2.89497170222029,-0.48784907269239,-0.48784907269239,NaN,NaN,NaN,NaN,NaN,NaN,NaN,0,0,0,0,0,0,NaN,0.0385,0.4,0,MAT,Trp,B,NaN
14.9838209982788,5.47002612102743,2.62841611596674,3.37469622681731,NaN,NaN,NaN,NaN,NaN,NaN,NaN,NaN,NaN,0,0,0,0,NaN,0.0385,0.4,0,MAT,Trp,B,NaN
16.7242685025818,6.88944275141489,2.6395011724579,3.42841611596674,NaN,NaN,NaN,NaN,NaN,NaN,NaN,NaN,NaN,0,0,0,0,NaN,0.0385,0.4,0,MAT,Trp,B,NaN
-2.02409638554217,-2.89497170222029,-0.48784907269239,-0.48784907269239,NaN,NaN,NaN,NaN,NaN,NaN,NaN,0,0,0,0,0,0,NaN,0.0385,0.4,0,MAT,Trp,B,NaN
-2.02409638554217,-2.89497170222029,-0.48784907269239,-0.48784907269239,NaN,NaN,NaN,NaN,NaN,NaN,NaN,0,0,0,0,0,0,NaN,0.0385,0.4,0,MAT,Trp,B,NaN
-2.02409638554217,-2.89497170222029,-0.48784907269239,-0.48784907269239,NaN,NaN,NaN,NaN,NaN,NaN,NaN,0,0,0,0,0,0,NaN,0.0385,0.4,0,MAT,Trp,B,NaN
17.12082616179,6.30380931649978,2.49096141547644,2.97017693455553,NaN,NaN,NaN,NaN,NaN,NaN,NaN,1694200,257250,1.48408,1,0,0,1,0.0385,0.4,0,MAT,Trp,B,NaN
-2.02409638554217,-2.89497170222029,-0.48784907269239,-0.48784907269239,NaN,NaN,NaN,NaN,NaN,NaN,NaN,0,0,0,0,0,0,NaN,0.0385,0.4,0,MAT,Trp,B,NaN
-2.02409638554217,-2.89497170222029,-0.48784907269239,-0.48784907269239,NaN,NaN,NaN,NaN,NaN,NaN,NaN,0,0,0,0,0,0,NaN,0.0385,0.4,0,MAT,Trp,B,NaN
17.825817555938,7.15483239007401,2.70549989341292,3.83242379023662,NaN,NaN,NaN,NaN,NaN,NaN,NaN,NaN,NaN,0,0,0,0,NaN,0.0385,0.4,0,MAT,Trp,B,NaN
-2.02409638554217,-2.89497170222029,-0.48784907269239,-0.48784907269239,NaN,NaN,NaN,NaN,NaN,NaN,NaN,0,0,0,0,0,0,NaN,0.0385,0.4,0,MAT,Trp,B,NaN
-2.02409638554217,-2.89497170222029,-0.48784907269239,-0.48784907269239,NaN,NaN,NaN,NaN,NaN,NaN,NaN,0,0,0,0,0,0,NaN,0.0385,0.4,0,MAT,Trp,B,NaN
21.1304647160069,9.31260339573357,2.65280324024728,3.81264122788318,NaN,NaN,NaN,NaN,NaN,NaN,NaN,NaN,NaN,0,0,0,0,NaN,0.0385,0.4,0,MAT,Trp,B,NaN
-2.02409638554217,-2.89497170222029,-0.48784907269239,-0.48784907269239,NaN,NaN,NaN,NaN,NaN,NaN,NaN,0,0,0,0,0,0,NaN,0.0385,0.4,0,MAT,Trp,B,NaN
-2.02409638554217,-2.89497170222029,-0.48784907269239,-0.48784907269239,NaN,NaN,NaN,NaN,NaN,NaN,NaN,0,0,0,0,0,0,NaN,0.0385,0.4,0,MAT,Trp,B,NaN
24.7655765920826,10.2402481497606,2.22065657642294,3.3247282029418,NaN,NaN,NaN,NaN,NaN,NaN,NaN,NaN,NaN,0,0,0,0,NaN,0.0385,0.4,0,MAT,Trp,B,NaN
-2.02409638554217,-2.89497170222029,-0.48784907269239,-0.48784907269239,NaN,NaN,NaN,NaN,NaN,NaN,NaN,0,0,0,0,0,0,NaN,0.0385,0.4,0,MAT,Trp,B,NaN
23.2013769363167,8.93994340444057,2.86751225751439,3.45962481347261,NaN,NaN,NaN,NaN,NaN,NaN,NaN,NaN,NaN,0,0,0,0,NaN,0.0385,0.4,0,MAT,Trp,B,NaN
25.8230636833047,8.97215933826731,2.8840545725858,3.76932423790237,NaN,NaN,NaN,NaN,NaN,NaN,NaN,3957400,261470,7.87664,2,0,0,3,0.0385,0.4,0,MAT,Trp,B,NaN
-2.02409638554217,-2.89497170222029,-0.48784907269239,-0.48784907269239,NaN,NaN,NaN,NaN,NaN,NaN,NaN,0,0,0,0,0,0,NaN,0.0385,0.4,0,MAT,Trp,B,NaN
-2.02409638554217,-2.89497170222029,-0.48784907269239,-0.48784907269239,NaN,NaN,NaN,NaN,NaN,NaN,NaN,0,0,0,0,0,0,NaN,0.0385,0.4,0,MAT,Trp,B,NaN
31.6392426850258,11.9079886808881,2.69782562353443,3.43182690257941,NaN,NaN,NaN,NaN,NaN,NaN,NaN,4028300,193960,7.71408,2,1,0,4,0.0385,0.4,0,MAT,Trp,B,NaN
16.3938037865749,6.73498040922943,2.26619057770198,2.92276700063952,NaN,NaN,NaN,NaN,NaN,NaN,NaN,NaN,NaN,0,0,0,0,NaN,0.0385,0.4,0,MAT,Trp,B,NaN
-2.02409638554217,-2.89497170222029,-0.48784907269239,-0.48784907269239,NaN,NaN,NaN,NaN,NaN,NaN,NaN,0,0,0,0,0,0,NaN,0.0385,0.4,0,MAT,Trp,B,NaN
-2.02409638554217,-2.89497170222029,-0.48784907269239,-0.48784907269239,NaN,NaN,NaN,NaN,NaN,NaN,NaN,0,0,0,0,0,0,NaN,0.0385,0.4,0,MAT,Trp,B,NaN
8.52874354561102,2.92914671310405,2.35691750159881,2.91901513536559,NaN,NaN,NaN,NaN,NaN,NaN,NaN,2535300,491320,1.248848,1,0,0,1,0.0385,0.4,0,MAT,Trp,B,NaN
16.8344234079174,7.92000435350457,2.14340225964613,2.70720528671925,NaN,NaN,NaN,NaN,NaN,NaN,NaN,3068300,396200,1.429728,1,0,0,1,0.0385,0.4,0,MAT,Trp,B,NaN
-2.02409638554217,-2.89497170222029,-0.48784907269239,-0.48784907269239,NaN,NaN,NaN,NaN,NaN,NaN,NaN,0,0,0,0,0,0,NaN,0.0385,0.4,0,MAT,Trp,B,NaN
-2.02409638554217,-2.89497170222029,-0.48784907269239,-0.48784907269239,NaN,NaN,NaN,NaN,NaN,NaN,NaN,0,0,0,0,0,0,NaN,0.0385,0.4,0,MAT,Trp,B,NaN
19.0154905335628,9.19784501523727,2.337305478576,3.62044340225965,NaN,NaN,NaN,NaN,NaN,NaN,NaN,2376300,394600,1.274912,1,0,0,1,0.0385,0.4,0,MAT,Trp,B,NaN
-2.02409638554217,-2.89497170222029,-0.48784907269239,-0.48784907269239,NaN,NaN,NaN,NaN,NaN,NaN,NaN,0,0,0,0,0,0,NaN,0.0385,0.4,0,MAT,Trp,B,NaN
25.4925989672978,8.78008271658685,2.76689405244084,3.67450437007035,NaN,NaN,NaN,NaN,NaN,NaN,NaN,2587400,85722,7.104,2,1,0,4,0.0385,0.4,0,MAT,Trp,B,NaN
-2.02409638554217,-2.89497170222029,-0.48784907269239,-0.48784907269239,NaN,NaN,NaN,NaN,NaN,NaN,NaN,0,0,0,0,0,0,NaN,0.0385,0.4,0,MAT,Trp,B,NaN
11.9655765920826,4.18556813234654,2.66764016201236,3.36531656363249,NaN,NaN,NaN,NaN,NaN,NaN,NaN,1546600,158610,2.57584,2,1,0,4,0.0385,0.4,0,MAT,Trp,B,NaN
-2.02409638554217,-2.89497170222029,-0.48784907269239,-0.48784907269239,NaN,NaN,NaN,NaN,NaN,NaN,NaN,0,0,0,0,0,0,NaN,0.0385,0.4,0,MAT,Trp,B,NaN
9.27779690189329,5.96441010013061,1.63093157109358,2.71163930931571,NaN,NaN,NaN,NaN,NaN,NaN,NaN,NaN,NaN,0,0,0,0,NaN,0.0385,0.4,0,MAT,Trp,B,NaN
20.2492254733219,8.04677840661733,2.56088254103603,3.19273076103176,NaN,NaN,NaN,NaN,NaN,NaN,NaN,2044400,157860,1.140112,1,0,0,1,0.0385,0.4,0,MAT,Trp,B,NaN
-2.02409638554217,-2.89497170222029,-0.48784907269239,-0.48784907269239,NaN,NaN,NaN,NaN,NaN,NaN,NaN,0,0,0,0,0,0,NaN,0.0385,0.4,0,MAT,Trp,B,NaN
17.2750430292599,8.29841097083152,2.10997655084204,2.61136218290343,NaN,NaN,NaN,NaN,NaN,NaN,NaN,NaN,NaN,0,0,0,0,NaN,0.0385,0.4,0,MAT,Trp,B,NaN
-2.02409638554217,-2.89497170222029,-0.48784907269239,-0.48784907269239,NaN,NaN,NaN,NaN,NaN,NaN,NaN,0,0,0,0,0,0,NaN,0.0385,0.4,0,MAT,Trp,B,NaN
27.6296041308089,10.6392033086635,2.54792155190791,3.66768279684502,NaN,NaN,NaN,NaN,NaN,NaN,NaN,NaN,NaN,0,0,0,0,NaN,0.0385,0.4,0,MAT,Trp,B,NaN
-2.02409638554217,-2.89497170222029,-0.48784907269239,-0.48784907269239,NaN,NaN,NaN,NaN,NaN,NaN,NaN,0,0,0,0,0,0,NaN,0.0385,0.4,0,MAT,Trp,B,NaN
-2.02409638554217,-2.89497170222029,-0.48784907269239,-0.48784907269239,NaN,NaN,NaN,NaN,NaN,NaN,NaN,0,0,0,0,0,0,NaN,0.0385,0.4,0,MAT,Trp,B,NaN
-2.02409638554217,-2.89497170222029,-0.48784907269239,-0.48784907269239,NaN,NaN,NaN,NaN,NaN,NaN,NaN,0,0,0,0,0,0,NaN,0.0385,0.4,0,MAT,Trp,B,NaN
-2.02409638554217,-2.89497170222029,-0.48784907269239,-0.48784907269239,NaN,NaN,NaN,NaN,NaN,NaN,NaN,0,0,0,0,0,0,NaN,0.0385,0.4,0,MAT,Trp,B,NaN
-2.02409638554217,-2.89497170222029,-0.48784907269239,-0.48784907269239,NaN,NaN,NaN,NaN,NaN,NaN,NaN,0,0,0,0,0,0,NaN,0.0385,0.4,0,MAT,Trp,B,NaN
-2.02409638554217,-2.89497170222029,-0.48784907269239,-0.48784907269239,NaN,NaN,NaN,NaN,NaN,NaN,NaN,0,0,0,0,0,0,NaN,0.0385,0.4,0,MAT,Trp,B,NaN
-2.02409638554217,-2.89497170222029,-0.48784907269239,-0.48784907269239,NaN,NaN,NaN,NaN,NaN,NaN,NaN,0,0,0,0,0,0,NaN,0.0385,0.4,0,MAT,Trp,B,NaN
-2.02409638554217,-2.89497170222029,-0.48784907269239,-0.48784907269239,NaN,NaN,NaN,NaN,NaN,NaN,NaN,0,0,0,0,0,0,NaN,0.0385,0.4,0,MAT,Trp,B,NaN
-2.02409638554217,-2.89497170222029,-0.48784907269239,-0.48784907269239,NaN,NaN,NaN,NaN,NaN,NaN,NaN,0,0,0,0,0,0,NaN,0.0385,0.4,0,MAT,Trp,B,NaN
12.2519793459552,4.2404222899434,2.78241313152846,3.56484758047325,NaN,NaN,NaN,NaN,NaN,NaN,NaN,3185700,691620,1.435232,1,0,0,1,0.0385,0.4,0,MAT,Trp,B,NaN
-2.02409638554217,-2.89497170222029,-0.48784907269239,-0.48784907269239,NaN,NaN,NaN,NaN,NaN,NaN,NaN,0,0,0,0,0,0,NaN,0.0385,0.4,0,MAT,Trp,B,NaN
-2.02409638554217,-2.89497170222029,-0.48784907269239,-0.48784907269239,NaN,NaN,NaN,NaN,NaN,NaN,NaN,0,0,0,0,0,0,NaN,0.0385,0.4,0,MAT,Trp,B,NaN
-2.02409638554217,-2.89497170222029,-0.48784907269239,-0.48784907269239,NaN,NaN,NaN,NaN,NaN,NaN,NaN,0,0,0,0,0,0,NaN,0.0385,0.4,0,MAT,Trp,B,NaN
-2.02409638554217,-2.89497170222029,-0.48784907269239,-0.48784907269239,NaN,NaN,NaN,NaN,NaN,NaN,NaN,0,0,0,0,0,0,NaN,0.0385,0.4,0,MAT,Trp,B,NaN
-2.02409638554217,-2.89497170222029,-0.48784907269239,-0.48784907269239,NaN,NaN,NaN,NaN,NaN,NaN,NaN,0,0,0,0,0,0,NaN,0.0385,0.4,0,MAT,Trp,B,NaN
16.8784853700516,6.50023944275141,2.51858878703901,3.43728416115967,NaN,NaN,NaN,NaN,NaN,NaN,NaN,1507300,155320,1.304272,1,0,0,1,0.0385,0.4,0,MAT,Trp,B,NaN
21.3507745266781,7.09510230735743,2.67821360051162,3.26043487529311,NaN,NaN,NaN,NaN,NaN,NaN,NaN,2669200,128080,6.17424,2,1,0,4,0.0385,0.4,0,MAT,Trp,B,NaN
17.3411359724613,6.73358728776665,2.74250692816031,3.62146663824344,NaN,NaN,NaN,NaN,NaN,NaN,NaN,1942500,368990,1.498288,1,0,0,1,0.0385,0.4,0,MAT,Trp,B,NaN
16.7462994836489,6.26532433609055,2.72698784907269,3.49322106160733,NaN,NaN,NaN,NaN,NaN,NaN,NaN,NaN,NaN,0,0,0,0,NaN,0.0385,0.4,0,MAT,Trp,B,NaN
-2.02409638554217,-2.89497170222029,-0.48784907269239,-0.48784907269239,NaN,NaN,NaN,NaN,NaN,NaN,NaN,0,0,0,0,0,0,NaN,0.0385,0.4,0,MAT,Trp,B,NaN
21.2846815834768,9.60028297779713,2.36220422084843,3.37350245150288,NaN,NaN,NaN,NaN,NaN,NaN,NaN,NaN,NaN,0,0,0,0,NaN,0.0385,0.4,0,MAT,Trp,B,NaN
25.3824440619621,9.38521985198085,2.64666382434449,3.15231293967171,NaN,NaN,NaN,NaN,NaN,NaN,NaN,2536600,395030,1.586784,1,0,0,1,0.0385,0.4,0,MAT,Trp,B,NaN
11.8774526678141,4.76284283848498,2.51108505649115,3.03157109358346,NaN,NaN,NaN,NaN,NaN,NaN,NaN,1983100,504200,1.27312,1,0,0,1,0.0385,0.4,0,MAT,Trp,B,NaN
-2.02409638554217,-2.89497170222029,-0.48784907269239,-0.48784907269239,NaN,NaN,NaN,NaN,NaN,NaN,NaN,0,0,0,0,0,0,NaN,0.0385,0.4,0,MAT,Trp,B,NaN
15.005851979346,6.3647583804963,2.45685354934982,3.26060541462375,NaN,NaN,NaN,NaN,NaN,NaN,NaN,1505100,198160,1.08512,1,0,0,1,0.0385,0.4,0,MAT,Trp,B,NaN
19.7645438898451,7.7691989551589,2.67889575783415,3.21490087401407,NaN,NaN,NaN,NaN,NaN,NaN,NaN,3177300,380240,1.458,1,0,0,1,0.0385,0.4,0,MAT,Trp,B,NaN
-2.02409638554217,-2.89497170222029,-0.48784907269239,-0.48784907269239,NaN,NaN,NaN,NaN,NaN,NaN,NaN,0,0,0,0,0,0,NaN,0.0385,0.4,0,MAT,Trp,B,NaN
18.7290877796902,7.86044841097083,2.56514602430185,3.15265401833298,NaN,NaN,NaN,NaN,NaN,NaN,NaN,1815100,245820,1.296944,1,0,0,1,0.0385,0.4,0,MAT,Trp,B,NaN
17.0547332185886,6.84172834131476,2.45276060541462,3.12161586015775,NaN,NaN,NaN,NaN,NaN,NaN,NaN,2506700,146280,1.129824,1,0,0,1,0.0385,0.4,0,MAT,Trp,B,NaN
-2.02409638554217,-2.89497170222029,-0.48784907269239,-0.48784907269239,NaN,NaN,NaN,NaN,NaN,NaN,NaN,0,0,0,0,0,0,NaN,0.0385,0.4,0,MAT,Trp,B,NaN
-2.02409638554217,-2.89497170222029,-0.48784907269239,-0.48784907269239,NaN,NaN,NaN,NaN,NaN,NaN,NaN,0,0,0,0,0,0,NaN,0.0385,0.4,0,MAT,Trp,B,NaN
-2.02409638554217,-2.89497170222029,-0.48784907269239,-0.48784907269239,NaN,NaN,NaN,NaN,NaN,NaN,NaN,0,0,0,0,0,0,NaN,0.0385,0.4,0,MAT,Trp,B,NaN
-2.02409638554217,-2.89497170222029,-0.48784907269239,-0.48784907269239,NaN,NaN,NaN,NaN,NaN,NaN,NaN,0,0,0,0,0,0,NaN,0.0385,0.4,0,MAT,Trp,B,NaN
19.8967297762479,6.7584893339138,2.88234917927947,3.42722234065231,NaN,NaN,NaN,NaN,NaN,NaN,NaN,2661100,437790,1.50056,1,0,0,1,0.0385,0.4,0,MAT,Trp,B,NaN
-2.02409638554217,-2.89497170222029,-0.48784907269239,-0.48784907269239,NaN,NaN,NaN,NaN,NaN,NaN,NaN,0,0,0,0,0,0,NaN,0.0385,0.4,0,MAT,Trp,B,NaN
-2.02409638554217,-2.89497170222029,-0.48784907269239,-0.48784907269239,NaN,NaN,NaN,NaN,NaN,NaN,NaN,0,0,0,0,0,0,NaN,0.0385,0.4,0,MAT,Trp,B,NaN
-2.02409638554217,-2.89497170222029,-0.48784907269239,-0.48784907269239,NaN,NaN,NaN,NaN,NaN,NaN,NaN,0,0,0,0,0,0,NaN,0.0385,0.4,0,MAT,Trp,B,NaN
-2.02409638554217,-2.89497170222029,-0.48784907269239,-0.48784907269239,NaN,NaN,NaN,NaN,NaN,NaN,NaN,0,0,0,0,0,0,NaN,0.0385,0.4,0,MAT,Trp,B,NaN
-2.02409638554217,-2.89497170222029,-0.48784907269239,-0.48784907269239,NaN,NaN,NaN,NaN,NaN,NaN,NaN,0,0,0,0,0,0,NaN,0.0385,0.4,0,MAT,Trp,B,NaN
19.1036144578313,7.83572050500653,2.5849285866553,4.16804519292262,NaN,NaN,NaN,NaN,NaN,NaN,NaN,3099800,209840,5.90048,2,0,0,3,0.0385,0.4,0,MAT,Trp,B,NaN
16.6141135972461,6.48369612538093,2.57503730547858,3.20142826689405,NaN,NaN,NaN,NaN,NaN,NaN,NaN,1146500,148080,1.321744,1,0,0,1,0.0385,0.4,0,MAT,Trp,B,NaN
-2.02409638554217,-2.89497170222029,-0.48784907269239,-0.48784907269239,NaN,NaN,NaN,NaN,NaN,NaN,NaN,0,0,0,0,0,0,NaN,0.0385,0.4,0,MAT,Trp,B,NaN
2.1617900172117,3.04616891597736,0.681163930931571,1.36335536133021,NaN,NaN,NaN,NaN,NaN,NaN,NaN,3080100,729980,1.349552,1,0,0,1,0.0385,0.4,0,MAT,Trp,B,NaN
15.8650602409639,6.9230518067044,2.45497761671285,3.27254316776807,NaN,NaN,NaN,NaN,NaN,NaN,NaN,NaN,NaN,0,0,0,0,NaN,0.0385,0.4,0,MAT,Trp,B,NaN
16.7022375215146,6.10703090988246,2.52080579833724,2.98740140694948,NaN,NaN,NaN,NaN,NaN,NaN,NaN,1539600,252230,1.190592,1,0,0,1,0.0385,0.4,0,MAT,Trp,B,NaN
-2.02409638554217,-2.89497170222029,-0.48784907269239,-0.48784907269239,NaN,NaN,NaN,NaN,NaN,NaN,NaN,0,0,0,0,0,0,NaN,0.0385,0.4,0,MAT,Trp,B,NaN
20.9101549053356,7.92035263387027,2.45668301001919,3.03157109358346,NaN,NaN,NaN,NaN,NaN,NaN,NaN,3684200,339310,5.888,2,0,0,3,0.0385,0.4,0,MAT,Trp,B,NaN
-2.02409638554217,-2.89497170222029,-0.48784907269239,-0.48784907269239,NaN,NaN,NaN,NaN,NaN,NaN,NaN,0,0,0,0,0,0,NaN,0.0385,0.4,0,MAT,Trp,B,NaN
21.857487091222,8.23310840226382,2.60317629503304,3.37606054146237,NaN,NaN,NaN,NaN,NaN,NaN,NaN,2706900,322380,1.358816,1,0,0,1,0.0385,0.4,0,MAT,Trp,B,NaN
-2.02409638554217,-2.89497170222029,-0.48784907269239,-0.48784907269239,NaN,NaN,NaN,NaN,NaN,NaN,NaN,0,0,0,0,0,0,NaN,0.0385,0.4,0,MAT,Trp,B,NaN
-2.02409638554217,-2.89497170222029,-0.48784907269239,-0.48784907269239,NaN,NaN,NaN,NaN,NaN,NaN,NaN,0,0,0,0,0,0,NaN,0.0385,0.4,0,MAT,Trp,B,NaN
-2.02409638554217,-2.89497170222029,-0.48784907269239,-0.48784907269239,NaN,NaN,NaN,NaN,NaN,NaN,NaN,0,0,0,0,0,0,NaN,0.0385,0.4,0,MAT,Trp,B,NaN
25.0960413080895,8.95213321723988,2.92225538264762,3.78228522703048,NaN,NaN,NaN,NaN,NaN,NaN,NaN,2575100,166430,1.150208,1,0,1,2,0.0385,0.4,0,MAT,Trp,B,NaN
-2.02409638554217,-2.89497170222029,-0.48784907269239,-0.48784907269239,NaN,NaN,NaN,NaN,NaN,NaN,NaN,0,0,0,0,0,0,NaN,0.0385,0.4,0,MAT,Trp,B,NaN
-2.02409638554217,-2.89497170222029,-0.48784907269239,-0.48784907269239,NaN,NaN,NaN,NaN,NaN,NaN,NaN,0,0,0,0,0,0,NaN,0.0385,0.4,0,MAT,Trp,B,NaN
-2.02409638554217,-2.89497170222029,-0.48784907269239,-0.48784907269239,NaN,NaN,NaN,NaN,NaN,NaN,NaN,0,0,0,0,0,0,NaN,0.0385,0.4,0,MAT,Trp,B,NaN
-2.02409638554217,-2.89497170222029,-0.48784907269239,-0.48784907269239,NaN,NaN,NaN,NaN,NaN,NaN,NaN,0,0,0,0,0,0,NaN,0.0385,0.4,0,MAT,Trp,B,NaN
-2.02409638554217,-2.89497170222029,-0.48784907269239,-0.48784907269239,NaN,NaN,NaN,NaN,NaN,NaN,NaN,0,0,0,0,0,0,NaN,0.0385,0.4,0,MAT,Trp,B,NaN
16.063339070568,6.25766216804528,2.70208910680026,3.43506714986144,NaN,NaN,NaN,NaN,NaN,NaN,NaN,1837600,231410,1.351488,1,0,0,1,0.0385,0.4,0,MAT,Trp,B,NaN
-2.02409638554217,-2.89497170222029,-0.48784907269239,-0.48784907269239,NaN,NaN,NaN,NaN,NaN,NaN,NaN,0,0,0,0,0,0,NaN,0.0385,0.4,0,MAT,Trp,B,NaN
15.4244406196213,6.00655202437963,2.73346834363675,3.5198251971861,NaN,NaN,NaN,NaN,NaN,NaN,NaN,6301300,675870,5.57664,2,0,0,3,0.0385,0.4,0,MAT,Trp,B,NaN
-2.02409638554217,-2.89497170222029,-0.48784907269239,-0.48784907269239,NaN,NaN,NaN,NaN,NaN,NaN,NaN,0,0,0,0,0,0,NaN,0.0385,0.4,0,MAT,Trp,B,NaN
15.6888123924269,5.83502394427514,2.71180984864634,3.44785759965892,NaN,NaN,NaN,NaN,NaN,NaN,NaN,1044400,87588,1.6376,1,0,0,1,0.0385,0.4,0,MAT,Trp,B,NaN
10.1590361445783,2.71390944710492,2.34958431038158,3.04845448731614,NaN,NaN,NaN,NaN,NaN,NaN,NaN,NaN,NaN,0,0,0,0,NaN,0.0385,0.4,0,MAT,Trp,B,NaN
-2.02409638554217,-2.89497170222029,-0.48784907269239,-0.48784907269239,NaN,NaN,NaN,NaN,NaN,NaN,NaN,0,0,0,0,0,0,NaN,0.0385,0.4,0,MAT,Trp,B,NaN
24.4130808950086,7.68160644318677,2.80031976124494,3.41716052014496,NaN,NaN,NaN,NaN,NaN,NaN,NaN,3100600,504700,1.370352,1,0,0,1,0.0385,0.4,0,MAT,Trp,B,NaN
-2.02409638554217,-2.89497170222029,-0.48784907269239,-0.48784907269239,NaN,NaN,NaN,NaN,NaN,NaN,NaN,0,0,0,0,0,0,NaN,0.0385,0.4,0,MAT,Trp,B,NaN
16.1955249569707,5.82788419677841,2.66542315071413,3.42892773395864,NaN,NaN,NaN,NaN,NaN,NaN,NaN,2431800,498970,1.319392,1,0,0,1,0.0385,0.4,0,MAT,Trp,B,NaN
9.18967297762479,4.33585111014367,2.03852057130676,2.74165423150714,NaN,NaN,NaN,NaN,NaN,NaN,NaN,3058400,285890,4.4072,2,0,0,3,0.0385,0.4,0,MAT,Trp,B,NaN
-2.02409638554217,-2.89497170222029,-0.48784907269239,-0.48784907269239,NaN,NaN,NaN,NaN,NaN,NaN,NaN,0,0,0,0,0,0,NaN,0.0385,0.4,0,MAT,Trp,B,NaN
11.6130808950086,4.99410100130605,2.09906203368152,2.76723513110211,NaN,NaN,NaN,NaN,NaN,NaN,NaN,NaN,NaN,0,0,0,0,NaN,0.0385,0.4,0,MAT,Trp,B,NaN
25.2282271944923,8.98487157161515,2.82470688552547,3.39891281176721,NaN,NaN,NaN,NaN,NaN,NaN,NaN,2585500,276690,1.445296,1,0,0,1,0.0385,0.4,0,MAT,Trp,B,NaN
15.6447504302926,6.36737048323901,2.71505009592837,3.61942016627585,NaN,NaN,NaN,NaN,NaN,NaN,NaN,NaN,NaN,0,0,0,0,NaN,0.0385,0.4,0,MAT,Trp,B,NaN
12.6044750430293,4.83720069656073,2.59413771050949,3.5512044340226,NaN,NaN,NaN,NaN,NaN,NaN,NaN,NaN,NaN,0,0,0,0,NaN,0.0385,0.4,0,MAT,Trp,B,NaN
8.04406196213425,6.66497605572486,1.16309102536773,1.90311234278405,NaN,NaN,NaN,NaN,NaN,NaN,NaN,NaN,NaN,0,0,0,0,NaN,0.0385,0.4,0,MAT,Trp,B,NaN
22.0557659208262,8.30520243796256,2.69884885951823,4.11091451716052,NaN,NaN,NaN,NaN,NaN,NaN,NaN,2086000,390090,1.242528,1,0,0,1,0.0385,0.4,0,MAT,Trp,B,NaN
16.1074010327022,7.18217239878102,2.44832658281816,3.00070347473886,NaN,NaN,NaN,NaN,NaN,NaN,NaN,NaN,NaN,0,0,0,0,NaN,0.0385,0.4,0,MAT,Trp,B,NaN
-2.02409638554217,-2.89497170222029,-0.48784907269239,-0.48784907269239,NaN,NaN,NaN,NaN,NaN,NaN,NaN,0,0,0,0,0,0,NaN,0.0385,0.4,0,MAT,Trp,B,NaN
14.3449225473322,5.27307357422725,2.57589000213174,3.27834150500959,NaN,NaN,NaN,NaN,NaN,NaN,NaN,NaN,NaN,0,0,0,0,NaN,0.0385,0.4,0,MAT,Trp,B,NaN
-2.02409638554217,-2.89497170222029,-0.48784907269239,-0.48784907269239,NaN,NaN,NaN,NaN,NaN,NaN,NaN,0,0,0,0,0,0,NaN,0.0385,0.4,0,MAT,Trp,B,NaN
-2.02409638554217,-2.89497170222029,-0.48784907269239,-0.48784907269239,NaN,NaN,NaN,NaN,NaN,NaN,NaN,0,0,0,0,0,0,NaN,0.0385,0.4,0,MAT,Trp,B,NaN
-2.02409638554217,-2.89497170222029,-0.48784907269239,-0.48784907269239,NaN,NaN,NaN,NaN,NaN,NaN,NaN,0,0,0,0,0,0,NaN,0.0385,0.4,0,MAT,Trp,B,NaN
19.0595524956971,6.237461906835,2.86938819015135,3.73316989980814,NaN,NaN,NaN,NaN,NaN,NaN,NaN,NaN,NaN,0,0,0,0,NaN,0.0385,0.4,0,MAT,Trp,B,NaN
-2.02409638554217,-2.89497170222029,-0.48784907269239,-0.48784907269239,NaN,NaN,NaN,NaN,NaN,NaN,NaN,0,0,0,0,0,0,NaN,0.0385,0.4,0,MAT,Trp,B,NaN
-2.02409638554217,-2.89497170222029,-0.48784907269239,-0.48784907269239,NaN,NaN,NaN,NaN,NaN,NaN,NaN,0,0,0,0,0,0,NaN,0.0385,0.4,0,MAT,Trp,B,NaN
-2.02409638554217,-2.89497170222029,-0.48784907269239,-0.48784907269239,NaN,NaN,NaN,NaN,NaN,NaN,NaN,0,0,0,0,0,0,NaN,0.0385,0.4,0,MAT,Trp,B,NaN
30.6698795180723,10.2075097953853,2.85847367299083,3.77307610317629,NaN,NaN,NaN,NaN,NaN,NaN,NaN,NaN,NaN,0,0,0,0,NaN,0.0385,0.4,0,MAT,Trp,B,NaN
24.2588640275387,10.120091423596,2.65638456619058,3.64312513323385,NaN,NaN,NaN,NaN,NaN,NaN,NaN,NaN,NaN,0,0,0,0,NaN,0.0385,0.4,0,MAT,Trp,B,NaN
-2.02409638554217,-2.89497170222029,-0.48784907269239,-0.48784907269239,NaN,NaN,NaN,NaN,NaN,NaN,NaN,0,0,0,0,0,0,NaN,0.0385,0.4,0,MAT,Trp,B,NaN
-2.02409638554217,-2.89497170222029,-0.48784907269239,-0.48784907269239,NaN,NaN,NaN,NaN,NaN,NaN,NaN,0,0,0,0,0,0,NaN,0.0385,0.4,0,MAT,Trp,B,NaN
14.3008605851979,5.91269046582499,2.49778298870177,3.30852696653166,NaN,NaN,NaN,NaN,NaN,NaN,NaN,NaN,NaN,0,0,0,0,NaN,0.0385,0.4,0,MAT,Trp,B,NaN
-2.02409638554217,-2.89497170222029,-0.48784907269239,-0.48784907269239,NaN,NaN,NaN,NaN,NaN,NaN,NaN,0,0,0,0,0,0,NaN,0.0385,0.4,0,MAT,Trp,B,NaN
-2.02409638554217,-2.89497170222029,-0.48784907269239,-0.48784907269239,NaN,NaN,NaN,NaN,NaN,NaN,NaN,0,0,0,0,0,0,NaN,0.0385,0.4,0,MAT,Trp,B,NaN
-2.02409638554217,-2.89497170222029,-0.48784907269239,-0.48784907269239,NaN,NaN,NaN,NaN,NaN,NaN,NaN,0,0,0,0,0,0,NaN,0.0385,0.4,0,MAT,Trp,B,NaN
18.002065404475,6.69283848498041,2.777979108932,3.43114474525687,NaN,NaN,NaN,NaN,NaN,NaN,NaN,NaN,NaN,0,0,0,0,NaN,0.0385,0.4,0,MAT,Trp,B,NaN
18.8392426850258,6.47133217239878,2.8835429545939,3.92502664677041,NaN,NaN,NaN,NaN,NaN,NaN,NaN,3489600,457590,1.337888,1,0,0,1,0.0385,0.4,0,MAT,Trp,B,NaN
19.1036144578313,6.80045711797998,2.82368364954168,3.65608612236197,NaN,NaN,NaN,NaN,NaN,NaN,NaN,NaN,NaN,0,0,0,0,NaN,0.0385,0.4,0,MAT,Trp,B,NaN
-2.02409638554217,-2.89497170222029,-0.48784907269239,-0.48784907269239,NaN,NaN,NaN,NaN,NaN,NaN,NaN,0,0,0,0,0,0,NaN,0.0385,0.4,0,MAT,Trp,B,NaN
12.7146299483649,4.81316935132782,2.37874653591985,2.93299936047751,NaN,NaN,NaN,NaN,NaN,NaN,NaN,1870300,309850,1.346336,1,0,0,1,0.0385,0.4,0,MAT,Trp,B,NaN
-2.02409638554217,-2.89497170222029,-0.48784907269239,-0.48784907269239,NaN,NaN,NaN,NaN,NaN,NaN,NaN,0,0,0,0,0,0,NaN,0.0385,0.4,0,MAT,Trp,B,NaN
-2.02409638554217,-2.89497170222029,-0.48784907269239,-0.48784907269239,NaN,NaN,NaN,NaN,NaN,NaN,NaN,0,0,0,0,0,0,NaN,0.0385,0.4,0,MAT,Trp,B,NaN
-2.02409638554217,-2.89497170222029,-0.48784907269239,-0.48784907269239,NaN,NaN,NaN,NaN,NaN,NaN,NaN,0,0,0,0,0,0,NaN,0.0385,0.4,0,MAT,Trp,B,NaN
-2.02409638554217,-2.89497170222029,-0.48784907269239,-0.48784907269239,NaN,NaN,NaN,NaN,NaN,NaN,NaN,0,0,0,0,0,0,NaN,0.0385,0.4,0,MAT,Trp,B,NaN
29.1056798623064,10.8410317805834,2.6935621402686,3.2696439991473,NaN,NaN,NaN,NaN,NaN,NaN,NaN,3617100,68964,4.7968,2,1,0,4,0.0385,0.4,0,MAT,Trp,B,NaN
-2.02409638554217,-2.89497170222029,-0.48784907269239,-0.48784907269239,NaN,NaN,NaN,NaN,NaN,NaN,NaN,0,0,0,0,0,0,NaN,0.0385,0.4,0,MAT,Trp,B,NaN
-2.02409638554217,-2.89497170222029,-0.48784907269239,-0.48784907269239,NaN,NaN,NaN,NaN,NaN,NaN,NaN,0,0,0,0,0,0,NaN,0.0385,0.4,0,MAT,Trp,B,NaN
-2.02409638554217,-2.89497170222029,-0.48784907269239,-0.48784907269239,NaN,NaN,NaN,NaN,NaN,NaN,NaN,0,0,0,0,0,0,NaN,0.0385,0.4,0,MAT,Trp,B,NaN
-2.02409638554217,-2.89497170222029,-0.48784907269239,-0.48784907269239,NaN,NaN,NaN,NaN,NaN,NaN,NaN,0,0,0,0,0,0,NaN,0.0385,0.4,0,MAT,Trp,B,NaN
-2.02409638554217,-2.89497170222029,-0.48784907269239,-0.48784907269239,NaN,NaN,NaN,NaN,NaN,NaN,NaN,0,0,0,0,0,0,NaN,0.0385,0.4,0,MAT,Trp,B,NaN
-2.02409638554217,-2.89497170222029,-0.48784907269239,-0.48784907269239,NaN,NaN,NaN,NaN,NaN,NaN,NaN,0,0,0,0,0,0,NaN,0.0385,0.4,0,MAT,Trp,B,NaN
5.20206540447504,3.24451458424031,1.26410147090173,2.03647409933916,NaN,NaN,NaN,NaN,NaN,NaN,NaN,2510800,213850,1.119376,1,0,0,1,0.0385,0.4,0,MAT,Trp,B,NaN
-2.02409638554217,-2.89497170222029,-0.48784907269239,-0.48784907269239,NaN,NaN,NaN,NaN,NaN,NaN,NaN,0,0,0,0,0,0,NaN,0.0385,0.4,0,MAT,Trp,B,NaN
10.8419965576592,3.97172398781019,2.366126625453,3.29454274141974,NaN,NaN,NaN,NaN,NaN,NaN,NaN,1452100,314920,1.320576,1,0,0,1,0.0385,0.4,0,MAT,Trp,B,NaN
36.7283993115318,13.4547017849369,2.70805798337241,3.44956299296525,NaN,NaN,NaN,NaN,NaN,NaN,NaN,NaN,NaN,0,0,0,0,NaN,0.0385,0.4,0,MAT,Trp,B,NaN
22.5184165232358,8.26340879407923,2.84807077382221,3.89671711788531,NaN,NaN,NaN,NaN,NaN,NaN,NaN,NaN,NaN,0,0,0,0,NaN,0.0385,0.4,0,MAT,Trp,B,NaN
-2.02409638554217,-2.89497170222029,-0.48784907269239,-0.48784907269239,NaN,NaN,NaN,NaN,NaN,NaN,NaN,0,0,0,0,0,0,NaN,0.0385,0.4,0,MAT,Trp,B,NaN
-2.02409638554217,-2.89497170222029,-0.48784907269239,-0.48784907269239,NaN,NaN,NaN,NaN,NaN,NaN,NaN,0,0,0,0,0,0,NaN,0.0385,0.4,0,MAT,Trp,B,NaN
-2.02409638554217,-2.89497170222029,-0.48784907269239,-0.48784907269239,NaN,NaN,NaN,NaN,NaN,NaN,NaN,0,0,0,0,0,0,NaN,0.0385,0.4,0,MAT,Trp,B,NaN
-2.02409638554217,-2.89497170222029,-0.48784907269239,-0.48784907269239,NaN,NaN,NaN,NaN,NaN,NaN,NaN,0,0,0,0,0,0,NaN,0.0385,0.4,0,MAT,Trp,B,NaN
23.6419965576592,7.9710274270788,2.85386911106374,3.65114048177361,NaN,NaN,NaN,NaN,NaN,NaN,NaN,2155800,265930,1.404096,1,0,0,1,0.0385,0.4,0,MAT,Trp,B,NaN
12.4282271944923,5.66715280801045,2.18126199104669,3.04333830739714,NaN,NaN,NaN,NaN,NaN,NaN,NaN,NaN,NaN,0,0,0,0,NaN,0.0385,0.4,0,MAT,Trp,B,NaN
27.9160068846816,10.94969525468,2.61136218290343,3.37094436154338,NaN,NaN,NaN,NaN,NaN,NaN,NaN,NaN,NaN,0,0,0,0,NaN,0.0385,0.4,0,MAT,Trp,B,NaN
14.8075731497418,4.94377448846321,2.6693455553187,3.44444681304626,NaN,NaN,NaN,NaN,NaN,NaN,NaN,1691400,284680,1.288352,1,0,0,1,0.0385,0.4,0,MAT,Trp,B,NaN
-2.02409638554217,-2.89497170222029,-0.48784907269239,-0.48784907269239,NaN,NaN,NaN,NaN,NaN,NaN,NaN,0,0,0,0,0,0,NaN,0.0385,0.4,0,MAT,Trp,B,NaN
-2.02409638554217,-2.89497170222029,-0.48784907269239,-0.48784907269239,NaN,NaN,NaN,NaN,NaN,NaN,NaN,0,0,0,0,0,0,NaN,0.0385,0.4,0,MAT,Trp,B,NaN
16.6581755593804,6.08369612538093,2.59652526113835,3.42790449797485,NaN,NaN,NaN,NaN,NaN,NaN,NaN,3000400,426960,1.439632,1,0,0,1,0.0385,0.4,0,MAT,Trp,B,NaN
13.6619621342513,5.50694383979103,2.47800042634833,3.34280537198892,NaN,NaN,NaN,NaN,NaN,NaN,NaN,1777400,271290,1.396992,1,0,0,1,0.0385,0.4,0,MAT,Trp,B,NaN
-2.02409638554217,-2.89497170222029,-0.48784907269239,-0.48784907269239,NaN,NaN,NaN,NaN,NaN,NaN,NaN,0,0,0,0,0,0,NaN,0.0385,0.4,0,MAT,Trp,B,NaN
-2.02409638554217,-2.89497170222029,-0.48784907269239,-0.48784907269239,NaN,NaN,NaN,NaN,NaN,NaN,NaN,0,0,0,0,0,0,NaN,0.0385,0.4,0,MAT,Trp,B,NaN
-2.02409638554217,-2.89497170222029,-0.48784907269239,-0.48784907269239,NaN,NaN,NaN,NaN,NaN,NaN,NaN,0,0,0,0,0,0,NaN,0.0385,0.4,0,MAT,Trp,B,NaN
-2.02409638554217,-2.89497170222029,-0.48784907269239,-0.48784907269239,NaN,NaN,NaN,NaN,NaN,NaN,NaN,0,0,0,0,0,0,NaN,0.0385,0.4,0,MAT,Trp,B,NaN
20.2932874354561,8.28778841967784,2.30422084843317,3.23485397569815,NaN,NaN,NaN,NaN,NaN,NaN,NaN,NaN,NaN,0,0,0,0,NaN,0.0385,0.4,0,MAT,Trp,B,NaN
-2.02409638554217,-2.89497170222029,-0.48784907269239,-0.48784907269239,NaN,NaN,NaN,NaN,NaN,NaN,NaN,0,0,0,0,0,0,NaN,0.0385,0.4,0,MAT,Trp,B,NaN
-2.02409638554217,-2.89497170222029,-0.48784907269239,-0.48784907269239,NaN,NaN,NaN,NaN,NaN,NaN,NaN,0,0,0,0,0,0,NaN,0.0385,0.4,0,MAT,Trp,B,NaN
21.6371772805508,8.44817152808011,2.68060115114048,3.33547218077169,NaN,NaN,NaN,NaN,NaN,NaN,NaN,NaN,NaN,0,0,0,0,NaN,0.0385,0.4,0,MAT,Trp,B,NaN
-2.02409638554217,-2.89497170222029,-0.48784907269239,-0.48784907269239,NaN,NaN,NaN,NaN,NaN,NaN,NaN,0,0,0,0,0,0,NaN,0.0385,0.4,0,MAT,Trp,B,NaN
-2.02409638554217,-2.89497170222029,-0.48784907269239,-0.48784907269239,NaN,NaN,NaN,NaN,NaN,NaN,NaN,0,0,0,0,0,0,NaN,0.0385,0.4,0,MAT,Trp,B,NaN
-2.02409638554217,-2.89497170222029,-0.48784907269239,-0.48784907269239,NaN,NaN,NaN,NaN,NaN,NaN,NaN,0,0,0,0,0,0,NaN,0.0385,0.4,0,MAT,Trp,B,NaN
16.4819277108434,5.74917283413148,2.86358985290983,3.50106587081646,NaN,NaN,NaN,NaN,NaN,NaN,NaN,1968100,231510,1.27376,1,0,0,1,0.0385,0.4,0,MAT,Trp,B,NaN
-2.02409638554217,-2.89497170222029,-0.48784907269239,-0.48784907269239,NaN,NaN,NaN,NaN,NaN,NaN,NaN,0,0,0,0,0,0,NaN,0.0385,0.4,0,MAT,Trp,B,NaN
6.78829604130809,4.12322594688724,1.5357706246003,2.11662758473673,NaN,NaN,NaN,NaN,NaN,NaN,NaN,12062000,315170,1.408384,1,0,0,1,0.0385,0.4,0,MAT,Trp,B,NaN
25.360413080895,8.75639965171963,2.90247282029418,3.67092304412705,NaN,NaN,NaN,NaN,NaN,NaN,NaN,NaN,NaN,0,0,0,0,NaN,0.0385,0.4,0,MAT,Trp,B,NaN
-2.02409638554217,-2.89497170222029,-0.48784907269239,-0.48784907269239,NaN,NaN,NaN,NaN,NaN,NaN,NaN,0,0,0,0,0,0,NaN,0.0385,0.4,0,MAT,Trp,B,NaN
-2.02409638554217,-2.89497170222029,-0.48784907269239,-0.48784907269239,NaN,NaN,NaN,NaN,NaN,NaN,NaN,0,0,0,0,0,0,NaN,0.0385,0.4,0,MAT,Trp,B,NaN
-2.02409638554217,-2.89497170222029,-0.48784907269239,-0.48784907269239,NaN,NaN,NaN,NaN,NaN,NaN,NaN,0,0,0,0,0,0,NaN,0.0385,0.4,0,MAT,Trp,B,NaN
11.8774526678141,4.55840226382238,2.58799829460669,3.62709443615434,NaN,NaN,NaN,NaN,NaN,NaN,NaN,NaN,NaN,0,0,0,0,NaN,0.0385,0.4,0,MAT,Trp,B,NaN
-2.02409638554217,-2.89497170222029,-0.48784907269239,-0.48784907269239,NaN,NaN,NaN,NaN,NaN,NaN,NaN,0,0,0,0,0,0,NaN,0.0385,0.4,0,MAT,Trp,B,NaN
-2.02409638554217,-2.89497170222029,-0.48784907269239,-0.48784907269239,NaN,NaN,NaN,NaN,NaN,NaN,NaN,0,0,0,0,0,0,NaN,0.0385,0.4,0,MAT,Trp,B,NaN
-2.02409638554217,-2.89497170222029,-0.48784907269239,-0.48784907269239,NaN,NaN,NaN,NaN,NaN,NaN,NaN,0,0,0,0,0,0,NaN,0.0385,0.4,0,MAT,Trp,B,NaN
-2.02409638554217,-2.89497170222029,-0.48784907269239,-0.48784907269239,NaN,NaN,NaN,NaN,NaN,NaN,NaN,0,0,0,0,0,0,NaN,0.0385,0.4,0,MAT,Trp,B,NaN
-2.02409638554217,-2.89497170222029,-0.48784907269239,-0.48784907269239,NaN,NaN,NaN,NaN,NaN,NaN,NaN,0,0,0,0,0,0,NaN,0.0385,0.4,0,MAT,Trp,B,NaN
-2.02409638554217,-2.89497170222029,-0.48784907269239,-0.48784907269239,NaN,NaN,NaN,NaN,NaN,NaN,NaN,0,0,0,0,0,0,NaN,0.0385,0.4,0,MAT,Trp,B,NaN
-2.02409638554217,-2.89497170222029,-0.48784907269239,-0.48784907269239,NaN,NaN,NaN,NaN,NaN,NaN,NaN,0,0,0,0,0,0,NaN,0.0385,0.4,0,MAT,Trp,B,NaN
-2.02409638554217,-2.89497170222029,-0.48784907269239,-0.48784907269239,NaN,NaN,NaN,NaN,NaN,NaN,NaN,0,0,0,0,0,0,NaN,0.0385,0.4,0,MAT,Trp,B,NaN
-2.02409638554217,-2.89497170222029,-0.48784907269239,-0.48784907269239,NaN,NaN,NaN,NaN,NaN,NaN,NaN,0,0,0,0,0,0,NaN,0.0385,0.4,0,MAT,Trp,B,NaN
-2.02409638554217,-2.89497170222029,-0.48784907269239,-0.48784907269239,NaN,NaN,NaN,NaN,NaN,NaN,NaN,0,0,0,0,0,0,NaN,0.0385,0.4,0,MAT,Trp,B,NaN
17.6055077452668,7.80420113191119,2.1108292474952,2.66030697079514,NaN,NaN,NaN,NaN,NaN,NaN,NaN,2992400,356420,7.8744,2,0,0,3,0.0385,0.4,0,MAT,Trp,B,NaN
-2.02409638554217,-2.89497170222029,-0.48784907269239,-0.48784907269239,NaN,NaN,NaN,NaN,NaN,NaN,NaN,0,0,0,0,0,0,NaN,0.0385,0.4,0,MAT,Trp,B,NaN
13.6399311531842,5.55361340879408,2.41387763803027,3.46064804945641,NaN,NaN,NaN,NaN,NaN,NaN,NaN,4139900,1065800,1.365232,1,0,0,1,0.0385,0.4,0,MAT,Trp,B,NaN
-2.02409638554217,-2.89497170222029,-0.48784907269239,-0.48784907269239,NaN,NaN,NaN,NaN,NaN,NaN,NaN,0,0,0,0,0,0,NaN,0.0385,0.4,0,MAT,Trp,B,NaN
18.8172117039587,7.2053330430997,2.49351950543594,3.47190364527819,NaN,NaN,NaN,NaN,NaN,NaN,NaN,NaN,NaN,0,0,0,0,NaN,0.0385,0.4,0,MAT,Trp,B,NaN
-2.02409638554217,-2.89497170222029,-0.48784907269239,-0.48784907269239,NaN,NaN,NaN,NaN,NaN,NaN,NaN,0,0,0,0,0,0,NaN,0.0385,0.4,0,MAT,Trp,B,NaN
16.1734939759036,6.9665868524162,2.5242165849499,3.84794286932424,NaN,NaN,NaN,NaN,NaN,NaN,NaN,NaN,NaN,0,0,0,0,NaN,0.0385,0.4,0,MAT,Trp,B,NaN
-2.02409638554217,-2.89497170222029,-0.48784907269239,-0.48784907269239,NaN,NaN,NaN,NaN,NaN,NaN,NaN,0,0,0,0,0,0,NaN,0.0385,0.4,0,MAT,Trp,B,NaN
-2.02409638554217,-2.89497170222029,-0.48784907269239,-0.48784907269239,NaN,NaN,NaN,NaN,NaN,NaN,NaN,0,0,0,0,0,0,NaN,0.0385,0.4,0,MAT,Trp,B,NaN
23.8623063683305,9.23963865912059,2.65655510552121,3.26503943722021,NaN,NaN,NaN,NaN,NaN,NaN,NaN,2435100,222690,7.04608,2,1,0,4,0.0385,0.4,0,MAT,Trp,B,NaN
-2.02409638554217,-2.89497170222029,-0.48784907269239,-0.48784907269239,NaN,NaN,NaN,NaN,NaN,NaN,NaN,0,0,0,0,0,0,NaN,0.0385,0.4,0,MAT,Trp,B,NaN
0.355249569707401,-0.0949717022202869,0.736128757194628,1.20427627371563,NaN,NaN,NaN,NaN,NaN,NaN,NaN,2787000,1067800,1.461088,1,0,0,1,0.0385,0.4,0,MAT,Trp,B,NaN
-2.02409638554217,-2.89497170222029,-0.48784907269239,-0.48784907269239,NaN,NaN,NaN,NaN,NaN,NaN,NaN,0,0,0,0,0,0,NaN,0.0385,0.4,0,MAT,Trp,B,NaN
-2.02409638554217,-2.89497170222029,-0.48784907269239,-0.48784907269239,NaN,NaN,NaN,NaN,NaN,NaN,NaN,0,0,0,0,0,0,NaN,0.0385,0.4,0,MAT,Trp,B,NaN
21.681239242685,7.1555289508054,2.86171392027286,3.30733319121722,NaN,NaN,NaN,NaN,NaN,NaN,NaN,2703300,106120,0.772448,1,0,0,1,0.0385,0.4,0,MAT,Trp,B,NaN
-2.02409638554217,-2.89497170222029,-0.48784907269239,-0.48784907269239,NaN,NaN,NaN,NaN,NaN,NaN,NaN,0,0,0,0,0,0,NaN,0.0385,0.4,0,MAT,Trp,B,NaN
-2.02409638554217,-2.89497170222029,-0.48784907269239,-0.48784907269239,NaN,NaN,NaN,NaN,NaN,NaN,NaN,0,0,0,0,0,0,NaN,0.0385,0.4,0,MAT,Trp,B,NaN
10.797934595525,4.65226382237701,2.34770837774462,2.91816243871243,NaN,NaN,NaN,NaN,NaN,NaN,NaN,NaN,NaN,0,0,0,0,NaN,0.0385,0.4,0,MAT,Trp,B,NaN
-2.02409638554217,-2.89497170222029,-0.48784907269239,-0.48784907269239,NaN,NaN,NaN,NaN,NaN,NaN,NaN,0,0,0,0,0,0,NaN,0.0385,0.4,0,MAT,Trp,B,NaN
24.7655765920826,8.07516325642142,2.89275207844809,4.05804732466425,NaN,NaN,NaN,NaN,NaN,NaN,NaN,NaN,NaN,0,0,0,0,NaN,0.0385,0.4,0,MAT,Trp,B,NaN
-2.02409638554217,-2.89497170222029,-0.48784907269239,-0.48784907269239,NaN,NaN,NaN,NaN,NaN,NaN,NaN,0,0,0,0,0,0,NaN,0.0385,0.4,0,MAT,Trp,B,NaN
-2.02409638554217,-2.89497170222029,-0.48784907269239,-0.48784907269239,NaN,NaN,NaN,NaN,NaN,NaN,NaN,0,0,0,0,0,0,NaN,0.0385,0.4,0,MAT,Trp,B,NaN
13.44165232358,5.59209838920331,2.31667021956939,3.26657429119591,NaN,NaN,NaN,NaN,NaN,NaN,NaN,NaN,NaN,0,0,0,0,NaN,0.0385,0.4,0,MAT,Trp,B,NaN
-2.02409638554217,-2.89497170222029,-0.48784907269239,-0.48784907269239,NaN,NaN,NaN,NaN,NaN,NaN,NaN,0,0,0,0,0,0,NaN,0.0385,0.4,0,MAT,Trp,B,NaN
17.649569707401,6.14899869394863,2.74881688339373,3.25003197612449,NaN,NaN,NaN,NaN,NaN,NaN,NaN,1964700,351350,1.33016,1,0,0,1,0.0385,0.4,0,MAT,Trp,B,NaN
-2.02409638554217,-2.89497170222029,-0.48784907269239,-0.48784907269239,NaN,NaN,NaN,NaN,NaN,NaN,NaN,0,0,0,0,0,0,NaN,0.0385,0.4,0,MAT,Trp,B,NaN
17.3851979345955,8.95387461906835,2.14954167554892,3.59588573864848,NaN,NaN,NaN,NaN,NaN,NaN,NaN,7214400,584020,1.65296,1,0,0,1,0.0385,0.4,0,MAT,Trp,B,NaN
-2.02409638554217,-2.89497170222029,-0.48784907269239,-0.48784907269239,NaN,NaN,NaN,NaN,NaN,NaN,NaN,0,0,0,0,0,0,NaN,0.0385,0.4,0,MAT,Trp,B,NaN
-2.02409638554217,-2.89497170222029,-0.48784907269239,-0.48784907269239,NaN,NaN,NaN,NaN,NaN,NaN,NaN,0,0,0,0,0,0,NaN,0.0385,0.4,0,MAT,Trp,B,NaN
-2.02409638554217,-2.89497170222029,-0.48784907269239,-0.48784907269239,NaN,NaN,NaN,NaN,NaN,NaN,NaN,0,0,0,0,0,0,NaN,0.0385,0.4,0,MAT,Trp,B,NaN
-2.02409638554217,-2.89497170222029,-0.48784907269239,-0.48784907269239,NaN,NaN,NaN,NaN,NaN,NaN,NaN,0,0,0,0,0,0,NaN,0.0385,0.4,0,MAT,Trp,B,NaN
-2.02409638554217,-2.89497170222029,-0.48784907269239,-0.48784907269239,NaN,NaN,NaN,NaN,NaN,NaN,NaN,0,0,0,0,0,0,NaN,0.0385,0.4,0,MAT,Trp,B,NaN
-2.02409638554217,-2.89497170222029,-0.48784907269239,-0.48784907269239,NaN,NaN,NaN,NaN,NaN,NaN,NaN,0,0,0,0,0,0,NaN,0.0385,0.4,0,MAT,Trp,B,NaN
-2.02409638554217,-2.89497170222029,-0.48784907269239,-0.48784907269239,NaN,NaN,NaN,NaN,NaN,NaN,NaN,0,0,0,0,0,0,NaN,0.0385,0.4,0,MAT,Trp,B,NaN
-2.02409638554217,-2.89497170222029,-0.48784907269239,-0.48784907269239,NaN,NaN,NaN,NaN,NaN,NaN,NaN,0,0,0,0,0,0,NaN,0.0385,0.4,0,MAT,Trp,B,NaN
-2.02409638554217,-2.89497170222029,-0.48784907269239,-0.48784907269239,NaN,NaN,NaN,NaN,NaN,NaN,NaN,0,0,0,0,0,0,NaN,0.0385,0.4,0,MAT,Trp,B,NaN
24.3690189328744,9.2359817152808,2.87041142613515,3.70025580899595,NaN,NaN,NaN,NaN,NaN,NaN,NaN,4052200,350360,1.21624,1,0,0,1,0.0385,0.4,0,MAT,Trp,B,NaN
-2.02409638554217,-2.89497170222029,-0.48784907269239,-0.48784907269239,NaN,NaN,NaN,NaN,NaN,NaN,NaN,0,0,0,0,0,0,NaN,0.0385,0.4,0,MAT,Trp,B,NaN
17.9139414802065,6.10999129299086,2.84073758260499,3.40982732892773,NaN,NaN,NaN,NaN,NaN,NaN,NaN,2335800,365910,1.337408,1,0,0,1,0.0385,0.4,0,MAT,Trp,B,NaN
-2.02409638554217,-2.89497170222029,-0.48784907269239,-0.48784907269239,NaN,NaN,NaN,NaN,NaN,NaN,NaN,0,0,0,0,0,0,NaN,0.0385,0.4,0,MAT,Trp,B,NaN
26.4839931153184,9.50433173704833,2.72801108505649,3.4405244084417,NaN,NaN,NaN,NaN,NaN,NaN,NaN,NaN,NaN,0,0,0,0,NaN,0.0385,0.4,0,MAT,Trp,B,NaN
18.5087779690189,6.44138006094906,2.87109358345769,4.33108079300789,NaN,NaN,NaN,NaN,NaN,NaN,NaN,NaN,NaN,0,0,0,0,NaN,0.0385,0.4,0,MAT,Trp,B,NaN
-2.02409638554217,-2.89497170222029,-0.48784907269239,-0.48784907269239,NaN,NaN,NaN,NaN,NaN,NaN,NaN,0,0,0,0,0,0,NaN,0.0385,0.4,0,MAT,Trp,B,NaN
-2.02409638554217,-2.89497170222029,-0.48784907269239,-0.48784907269239,NaN,NaN,NaN,NaN,NaN,NaN,NaN,0,0,0,0,0,0,NaN,0.0385,0.4,0,MAT,Trp,B,NaN
-2.02409638554217,-2.89497170222029,-0.48784907269239,-0.48784907269239,NaN,NaN,NaN,NaN,NaN,NaN,NaN,0,0,0,0,0,0,NaN,0.0385,0.4,0,MAT,Trp,B,NaN
18.7951807228916,7.33471919895516,2.72579407375826,3.52118951183117,NaN,NaN,NaN,NaN,NaN,NaN,NaN,NaN,NaN,0,0,0,0,NaN,0.0385,0.4,0,MAT,Trp,B,NaN
20.8,8.63223770134959,2.6961202302281,3.64056704327435,NaN,NaN,NaN,NaN,NaN,NaN,NaN,11126000,1484200,1.388416,1,0,0,1,0.0385,0.4,0,MAT,Trp,B,NaN
-2.02409638554217,-2.89497170222029,-0.48784907269239,-0.48784907269239,NaN,NaN,NaN,NaN,NaN,NaN,NaN,0,0,0,0,0,0,NaN,0.0385,0.4,0,MAT,Trp,B,NaN
19.0595524956971,8.41491075315629,2.35350671498614,2.92634832658282,NaN,NaN,NaN,NaN,NaN,NaN,NaN,4582700,71471,0.725024,1,0,0,1,0.0385,0.4,0,MAT,Trp,B,NaN
-2.02409638554217,-2.89497170222029,-0.48784907269239,-0.48784907269239,NaN,NaN,NaN,NaN,NaN,NaN,NaN,0,0,0,0,0,0,NaN,0.0385,0.4,0,MAT,Trp,B,NaN
15.0278829604131,4.46488898563344,2.80986996376039,3.39516094649328,NaN,NaN,NaN,NaN,NaN,NaN,NaN,NaN,NaN,0,0,0,0,NaN,0.0385,0.4,0,MAT,Trp,B,NaN
-2.02409638554217,-2.89497170222029,-0.48784907269239,-0.48784907269239,NaN,NaN,NaN,NaN,NaN,NaN,NaN,0,0,0,0,0,0,NaN,0.0385,0.4,0,MAT,Trp,B,NaN
-2.02409638554217,-2.89497170222029,-0.48784907269239,-0.48784907269239,NaN,NaN,NaN,NaN,NaN,NaN,NaN,0,0,0,0,0,0,NaN,0.0385,0.4,0,MAT,Trp,B,NaN
10.2471600688468,4.95840226382238,1.94233638882967,2.66286506075464,NaN,NaN,NaN,NaN,NaN,NaN,NaN,NaN,NaN,0,0,0,0,NaN,0.0385,0.4,0,MAT,Trp,B,NaN
18.178313253012,6.44451458424031,2.69782562353443,3.4683223193349,NaN,NaN,NaN,NaN,NaN,NaN,NaN,3511400,541230,1.196528,1,0,0,1,0.0385,0.4,0,MAT,Trp,B,NaN
8.28640275387263,4.35326512842838,1.71125559582179,2.34361543380942,NaN,NaN,NaN,NaN,NaN,NaN,NaN,NaN,NaN,0,0,0,0,NaN,0.0385,0.4,0,MAT,Trp,B,NaN
15.3803786574871,6.89640835872878,2.33866979322106,3.03600511617992,NaN,NaN,NaN,NaN,NaN,NaN,NaN,2702900,408200,1.270384,1,0,0,1,0.0385,0.4,0,MAT,Trp,B,NaN
14.9177280550775,6.35204614714845,2.55235557450437,3.42739287998295,NaN,NaN,NaN,NaN,NaN,NaN,NaN,3272700,396750,1.320208,1,0,0,1,0.0385,0.4,0,MAT,Trp,B,NaN
13.0450946643718,4.22562037440139,2.74677041142614,3.44478789170752,NaN,NaN,NaN,NaN,NaN,NaN,NaN,2915300,639310,1.28144,1,0,0,1,0.0385,0.4,0,MAT,Trp,B,NaN
-2.02409638554217,-2.89497170222029,-0.48784907269239,-0.48784907269239,NaN,NaN,NaN,NaN,NaN,NaN,NaN,0,0,0,0,0,0,NaN,0.0385,0.4,0,MAT,Trp,B,NaN
-2.02409638554217,-2.89497170222029,-0.48784907269239,-0.48784907269239,NaN,NaN,NaN,NaN,NaN,NaN,NaN,0,0,0,0,0,0,NaN,0.0385,0.4,0,MAT,Trp,B,NaN
-2.02409638554217,-2.89497170222029,-0.48784907269239,-0.48784907269239,NaN,NaN,NaN,NaN,NaN,NaN,NaN,0,0,0,0,0,0,NaN,0.0385,0.4,0,MAT,Trp,B,NaN
-2.02409638554217,-2.89497170222029,-0.48784907269239,-0.48784907269239,NaN,NaN,NaN,NaN,NaN,NaN,NaN,0,0,0,0,0,0,NaN,0.0385,0.4,0,MAT,Trp,B,NaN
-2.02409638554217,-2.89497170222029,-0.48784907269239,-0.48784907269239,NaN,NaN,NaN,NaN,NaN,NaN,NaN,0,0,0,0,0,0,NaN,0.0385,0.4,0,MAT,Trp,B,NaN
20.095008605852,5.88813670004354,2.8052654018333,3.42312939671712,NaN,NaN,NaN,NaN,NaN,NaN,NaN,652930,262730,1.377088,1,0,0,1,0.0385,0.4,0,MAT,Trp,B,NaN
-2.02409638554217,-2.89497170222029,-0.48784907269239,-0.48784907269239,NaN,NaN,NaN,NaN,NaN,NaN,NaN,0,0,0,0,0,0,NaN,0.0385,0.4,0,MAT,Trp,B,NaN
-2.02409638554217,-2.89497170222029,-0.48784907269239,-0.48784907269239,NaN,NaN,NaN,NaN,NaN,NaN,NaN,0,0,0,0,0,0,NaN,0.0385,0.4,0,MAT,Trp,B,NaN
-2.02409638554217,-2.89497170222029,-0.48784907269239,-0.48784907269239,NaN,NaN,NaN,NaN,NaN,NaN,NaN,0,0,0,0,0,0,NaN,0.0385,0.4,0,MAT,Trp,B,NaN
18.5748709122203,6.80481062255115,2.66286506075464,3.52204220848433,NaN,NaN,NaN,NaN,NaN,NaN,NaN,7636400,1070200,5.51232,2,0,0,3,0.0385,0.4,0,MAT,Trp,B,NaN
16.1074010327022,5.96928602525033,2.54723939458538,3.36804519292262,NaN,NaN,NaN,NaN,NaN,NaN,NaN,2715300,214050,6.62352,2,0,0,3,0.0385,0.4,0,MAT,Trp,B,NaN
-2.02409638554217,-2.89497170222029,-0.48784907269239,-0.48784907269239,NaN,NaN,NaN,NaN,NaN,NaN,NaN,0,0,0,0,0,0,NaN,0.0385,0.4,0,MAT,Trp,B,NaN
14.8075731497418,6.79175010883761,2.23617565551055,2.87996162865061,NaN,NaN,NaN,NaN,NaN,NaN,NaN,1550500,193930,1.180784,1,0,0,1,0.0385,0.4,0,MAT,Trp,B,NaN
-2.02409638554217,-2.89497170222029,-0.48784907269239,-0.48784907269239,NaN,NaN,NaN,NaN,NaN,NaN,NaN,0,0,0,0,0,0,NaN,0.0385,0.4,0,MAT,Trp,B,NaN
-2.02409638554217,-2.89497170222029,-0.48784907269239,-0.48784907269239,NaN,NaN,NaN,NaN,NaN,NaN,NaN,0,0,0,0,0,0,NaN,0.0385,0.4,0,MAT,Trp,B,NaN
25.6688468158348,9.49527644754027,2.65894265615007,3.43660200383714,NaN,NaN,NaN,NaN,NaN,NaN,NaN,NaN,NaN,0,0,0,0,NaN,0.0385,0.4,0,MAT,Trp,B,NaN
14.1025817555938,7.75422289943405,1.94080153485398,3.09535280324025,NaN,NaN,NaN,NaN,NaN,NaN,NaN,NaN,NaN,0,0,0,0,NaN,0.0385,0.4,0,MAT,Trp,B,NaN
19.918760757315,7.74847627340009,2.59601364314645,3.37060328288211,NaN,NaN,NaN,NaN,NaN,NaN,NaN,NaN,NaN,0,0,0,0,NaN,0.0385,0.4,0,MAT,Trp,B,NaN
-2.02409638554217,-2.89497170222029,-0.48784907269239,-0.48784907269239,NaN,NaN,NaN,NaN,NaN,NaN,NaN,0,0,0,0,0,0,NaN,0.0385,0.4,0,MAT,Trp,B,NaN
-2.02409638554217,-2.89497170222029,-0.48784907269239,-0.48784907269239,NaN,NaN,NaN,NaN,NaN,NaN,NaN,0,0,0,0,0,0,NaN,0.0385,0.4,0,MAT,Trp,B,NaN
-2.02409638554217,-2.89497170222029,-0.48784907269239,-0.48784907269239,NaN,NaN,NaN,NaN,NaN,NaN,NaN,0,0,0,0,0,0,NaN,0.0385,0.4,0,MAT,Trp,B,NaN
-2.02409638554217,-2.89497170222029,-0.48784907269239,-0.48784907269239,NaN,NaN,NaN,NaN,NaN,NaN,NaN,0,0,0,0,0,0,NaN,0.0385,0.4,0,MAT,Trp,B,NaN
-2.02409638554217,-2.89497170222029,-0.48784907269239,-0.48784907269239,NaN,NaN,NaN,NaN,NaN,NaN,NaN,0,0,0,0,0,0,NaN,0.0385,0.4,0,MAT,Trp,B,NaN
-2.02409638554217,-2.89497170222029,-0.48784907269239,-0.48784907269239,NaN,NaN,NaN,NaN,NaN,NaN,NaN,0,0,0,0,0,0,NaN,0.0385,0.4,0,MAT,Trp,B,NaN
-2.02409638554217,-2.89497170222029,-0.48784907269239,-0.48784907269239,NaN,NaN,NaN,NaN,NaN,NaN,NaN,0,0,0,0,0,0,NaN,0.0385,0.4,0,MAT,Trp,B,NaN
32.1239242685026,12.2541793643883,2.80458324451077,3.4395011724579,NaN,NaN,NaN,NaN,NaN,NaN,NaN,NaN,NaN,0,0,0,0,NaN,0.0385,0.4,0,MAT,Trp,B,NaN
-2.02409638554217,-2.89497170222029,-0.48784907269239,-0.48784907269239,NaN,NaN,NaN,NaN,NaN,NaN,NaN,0,0,0,0,0,0,NaN,0.0385,0.4,0,MAT,Trp,B,NaN
20.4695352839931,6.78304309969526,2.88882967384353,3.44836921765082,NaN,NaN,NaN,NaN,NaN,NaN,NaN,NaN,NaN,0,0,0,0,NaN,0.0385,0.4,0,MAT,Trp,B,NaN
-2.02409638554217,-2.89497170222029,-0.48784907269239,-0.48784907269239,NaN,NaN,NaN,NaN,NaN,NaN,NaN,0,0,0,0,0,0,NaN,0.0385,0.4,0,MAT,Trp,B,NaN
13.44165232358,5.41882890727035,2.23276486889789,3.09791089319974,NaN,NaN,NaN,NaN,NaN,NaN,NaN,NaN,NaN,0,0,0,0,NaN,0.0385,0.4,0,MAT,Trp,B,NaN
-2.02409638554217,-2.89497170222029,-0.48784907269239,-0.48784907269239,NaN,NaN,NaN,NaN,NaN,NaN,NaN,0,0,0,0,0,0,NaN,0.0385,0.4,0,MAT,Trp,B,NaN
-2.02409638554217,-2.89497170222029,-0.48784907269239,-0.48784907269239,NaN,NaN,NaN,NaN,NaN,NaN,NaN,0,0,0,0,0,0,NaN,0.0385,0.4,0,MAT,Trp,B,NaN
-2.02409638554217,-2.89497170222029,-0.48784907269239,-0.48784907269239,NaN,NaN,NaN,NaN,NaN,NaN,NaN,0,0,0,0,0,0,NaN,0.0385,0.4,0,MAT,Trp,B,NaN
-2.02409638554217,-2.89497170222029,-0.48784907269239,-0.48784907269239,NaN,NaN,NaN,NaN,NaN,NaN,NaN,0,0,0,0,0,0,NaN,0.0385,0.4,0,MAT,Trp,B,NaN
5.4223752151463,3.44442751414889,1.340673630356,2.09957365167342,NaN,NaN,NaN,NaN,NaN,NaN,NaN,NaN,NaN,0,0,0,0,NaN,0.0385,0.4,0,MAT,Trp,B,NaN
12.0096385542169,4.27455376578146,2.36425069281603,2.97972713707099,NaN,NaN,NaN,NaN,NaN,NaN,NaN,2134200,538740,1.360064,1,0,0,1,0.0385,0.4,0,MAT,Trp,B,NaN
-2.02409638554217,-2.89497170222029,-0.48784907269239,-0.48784907269239,NaN,NaN,NaN,NaN,NaN,NaN,NaN,0,0,0,0,0,0,NaN,0.0385,0.4,0,MAT,Trp,B,NaN
-2.02409638554217,-2.89497170222029,-0.48784907269239,-0.48784907269239,NaN,NaN,NaN,NaN,NaN,NaN,NaN,0,0,0,0,0,0,NaN,0.0385,0.4,0,MAT,Trp,B,NaN
-2.02409638554217,-2.89497170222029,-0.48784907269239,-0.48784907269239,NaN,NaN,NaN,NaN,NaN,NaN,NaN,0,0,0,0,0,0,NaN,0.0385,0.4,0,MAT,Trp,B,NaN
21.3728055077453,7.33471919895516,2.84687699850778,3.6840545725858,NaN,NaN,NaN,NaN,NaN,NaN,NaN,2501300,349640,1.204432,1,0,0,1,0.0385,0.4,0,MAT,Trp,B,NaN
13.8382099827883,5.57451023073574,2.64717544233639,3.2428693242379,NaN,NaN,NaN,NaN,NaN,NaN,NaN,1769200,286610,1.244672,1,0,0,1,0.0385,0.4,0,MAT,Trp,B,NaN
26.24165232358,10.1742490204615,2.64871029631209,3.75073545086336,NaN,NaN,NaN,NaN,NaN,NaN,NaN,NaN,NaN,0,0,0,0,NaN,0.0385,0.4,0,MAT,Trp,B,NaN
34.3270223752152,12.6801262516326,2.81259859305052,3.65216371775741,NaN,NaN,NaN,NaN,NaN,NaN,NaN,2750400,167810,1.12536,1,0,0,1,0.0385,0.4,0,MAT,Trp,B,NaN
-2.02409638554217,-2.89497170222029,-0.48784907269239,-0.48784907269239,NaN,NaN,NaN,NaN,NaN,NaN,NaN,0,0,0,0,0,0,NaN,0.0385,0.4,0,MAT,Trp,B,NaN
7.20688468158348,3.79967348715716,1.69147303346834,2.07603922404605,NaN,NaN,NaN,NaN,NaN,NaN,NaN,NaN,NaN,0,0,0,0,NaN,0.0385,0.4,0,MAT,Trp,B,NaN
-2.02409638554217,-2.89497170222029,-0.48784907269239,-0.48784907269239,NaN,NaN,NaN,NaN,NaN,NaN,NaN,0,0,0,0,0,0,NaN,0.0385,0.4,0,MAT,Trp,B,NaN
-2.02409638554217,-2.89497170222029,-0.48784907269239,-0.48784907269239,NaN,NaN,NaN,NaN,NaN,NaN,NaN,0,0,0,0,0,0,NaN,0.0385,0.4,0,MAT,Trp,B,NaN
49.374182444062,17.6796909011754,2.85267533574931,4.11398422511192,NaN,NaN,NaN,NaN,NaN,NaN,NaN,NaN,NaN,0,0,0,0,NaN,0.0385,0.4,0,MAT,Trp,B,NaN
-2.02409638554217,-2.89497170222029,-0.48784907269239,-0.48784907269239,NaN,NaN,NaN,NaN,NaN,NaN,NaN,0,0,0,0,0,0,NaN,0.0385,0.4,0,MAT,Trp,B,NaN
-2.02409638554217,-2.89497170222029,-0.48784907269239,-0.48784907269239,NaN,NaN,NaN,NaN,NaN,NaN,NaN,0,0,0,0,0,0,NaN,0.0385,0.4,0,MAT,Trp,B,NaN
24.9418244406196,9.20219851980845,2.76979322106161,3.84197399275208,NaN,NaN,NaN,NaN,NaN,NaN,NaN,NaN,NaN,0,0,0,0,NaN,0.0385,0.4,0,MAT,Trp,B,NaN
-2.02409638554217,-2.89497170222029,-0.48784907269239,-0.48784907269239,NaN,NaN,NaN,NaN,NaN,NaN,NaN,0,0,0,0,0,0,NaN,0.0385,0.4,0,MAT,Trp,B,NaN
-2.02409638554217,-2.89497170222029,-0.48784907269239,-0.48784907269239,NaN,NaN,NaN,NaN,NaN,NaN,NaN,0,0,0,0,0,0,NaN,0.0385,0.4,0,MAT,Trp,B,NaN
-2.02409638554217,-2.89497170222029,-0.48784907269239,-0.48784907269239,NaN,NaN,NaN,NaN,NaN,NaN,NaN,0,0,0,0,0,0,NaN,0.0385,0.4,0,MAT,Trp,B,NaN
-2.02409638554217,-2.89497170222029,-0.48784907269239,-0.48784907269239,NaN,NaN,NaN,NaN,NaN,NaN,NaN,0,0,0,0,0,0,NaN,0.0385,0.4,0,MAT,Trp,B,NaN
-2.02409638554217,-2.89497170222029,-0.48784907269239,-0.48784907269239,NaN,NaN,NaN,NaN,NaN,NaN,NaN,0,0,0,0,0,0,NaN,0.0385,0.4,0,MAT,Trp,B,NaN
14.1686746987952,5.12366129734436,2.53120869750586,3.29300788744404,NaN,NaN,NaN,NaN,NaN,NaN,NaN,2295500,621220,1.282992,1,0,0,1,0.0385,0.4,0,MAT,Trp,B,NaN
-2.02409638554217,-2.89497170222029,-0.48784907269239,-0.48784907269239,NaN,NaN,NaN,NaN,NaN,NaN,NaN,0,0,0,0,0,0,NaN,0.0385,0.4,0,MAT,Trp,B,NaN
-2.02409638554217,-2.89497170222029,-0.48784907269239,-0.48784907269239,NaN,NaN,NaN,NaN,NaN,NaN,NaN,0,0,0,0,0,0,NaN,0.0385,0.4,0,MAT,Trp,B,NaN
-2.02409638554217,-2.89497170222029,-0.48784907269239,-0.48784907269239,NaN,NaN,NaN,NaN,NaN,NaN,NaN,0,0,0,0,0,0,NaN,0.0385,0.4,0,MAT,Trp,B,NaN
-2.02409638554217,-2.89497170222029,-0.48784907269239,-0.48784907269239,NaN,NaN,NaN,NaN,NaN,NaN,NaN,0,0,0,0,0,0,NaN,0.0385,0.4,0,MAT,Trp,B,NaN
6.30361445783133,5.89005224205486,0.958955446599872,1.57908761458111,NaN,NaN,NaN,NaN,NaN,NaN,NaN,9521300,770820,1.67616,1,0,0,1,0.0385,0.4,0,MAT,Trp,B,NaN
-2.02409638554217,-2.89497170222029,-0.48784907269239,-0.48784907269239,NaN,NaN,NaN,NaN,NaN,NaN,NaN,0,0,0,0,0,0,NaN,0.0385,0.4,0,MAT,Trp,B,NaN
-2.02409638554217,-2.89497170222029,-0.48784907269239,-0.48784907269239,NaN,NaN,NaN,NaN,NaN,NaN,NaN,0,0,0,0,0,0,NaN,0.0385,0.4,0,MAT,Trp,B,NaN
-2.02409638554217,-2.89497170222029,-0.48784907269239,-0.48784907269239,NaN,NaN,NaN,NaN,NaN,NaN,NaN,0,0,0,0,0,0,NaN,0.0385,0.4,0,MAT,Trp,B,NaN
-2.02409638554217,-2.89497170222029,-0.48784907269239,-0.48784907269239,NaN,NaN,NaN,NaN,NaN,NaN,NaN,0,0,0,0,0,0,NaN,0.0385,0.4,0,MAT,Trp,B,NaN
28.9734939759036,12.6778624292556,2.56173523768919,3.63613302067789,NaN,NaN,NaN,NaN,NaN,NaN,NaN,NaN,NaN,0,0,0,0,NaN,0.0385,0.4,0,MAT,Trp,B,NaN
-2.02409638554217,-2.89497170222029,-0.48784907269239,-0.48784907269239,NaN,NaN,NaN,NaN,NaN,NaN,NaN,0,0,0,0,0,0,NaN,0.0385,0.4,0,MAT,Trp,B,NaN
-2.02409638554217,-2.89497170222029,-0.48784907269239,-0.48784907269239,NaN,NaN,NaN,NaN,NaN,NaN,NaN,0,0,0,0,0,0,NaN,0.0385,0.4,0,MAT,Trp,B,NaN
8.61686746987952,3.75439703961689,2.12089106800256,2.81447452568749,NaN,NaN,NaN,NaN,NaN,NaN,NaN,3357200,566590,1.393392,1,0,0,1,0.0385,0.4,0,MAT,Trp,B,NaN
21.9896729776248,7.92331301697867,2.71948411852483,3.39277339586442,NaN,NaN,NaN,NaN,NaN,NaN,NaN,2714700,479930,1.304096,1,0,0,1,0.0385,0.4,0,MAT,Trp,B,NaN
8.79311531841653,3.32444492816718,2.38488595182264,3.14276273715626,NaN,NaN,NaN,NaN,NaN,NaN,NaN,1376800,395410,1.38968,1,0,1,2,0.0385,0.4,0,MAT,Trp,B,NaN
-2.02409638554217,-2.89497170222029,-0.48784907269239,-0.48784907269239,NaN,NaN,NaN,NaN,NaN,NaN,NaN,0,0,0,0,0,0,NaN,0.0385,0.4,0,MAT,Trp,B,NaN
-2.02409638554217,-2.89497170222029,-0.48784907269239,-0.48784907269239,NaN,NaN,NaN,NaN,NaN,NaN,NaN,0,0,0,0,0,0,NaN,0.0385,0.4,0,MAT,Trp,B,NaN
-2.02409638554217,-2.89497170222029,-0.48784907269239,-0.48784907269239,NaN,NaN,NaN,NaN,NaN,NaN,NaN,0,0,0,0,0,0,NaN,0.0385,0.4,0,MAT,Trp,B,NaN
10.2912220309811,3.96615150195908,2.21281176721381,2.98927733958644,NaN,NaN,NaN,NaN,NaN,NaN,NaN,1567900,324430,1.39104,1,0,0,1,0.0385,0.4,0,MAT,Trp,B,NaN
-2.02409638554217,-2.89497170222029,-0.48784907269239,-0.48784907269239,NaN,NaN,NaN,NaN,NaN,NaN,NaN,0,0,0,0,0,0,NaN,0.0385,0.4,0,MAT,Trp,B,NaN
-2.02409638554217,-2.89497170222029,-0.48784907269239,-0.48784907269239,NaN,NaN,NaN,NaN,NaN,NaN,NaN,0,0,0,0,0,0,NaN,0.0385,0.4,0,MAT,Trp,B,NaN
-2.02409638554217,-2.89497170222029,-0.48784907269239,-0.48784907269239,NaN,NaN,NaN,NaN,NaN,NaN,NaN,0,0,0,0,0,0,NaN,0.0385,0.4,0,MAT,Trp,B,NaN
-2.02409638554217,-2.89497170222029,-0.48784907269239,-0.48784907269239,NaN,NaN,NaN,NaN,NaN,NaN,NaN,0,0,0,0,0,0,NaN,0.0385,0.4,0,MAT,Trp,B,NaN
-2.02409638554217,-2.89497170222029,-0.48784907269239,-0.48784907269239,NaN,NaN,NaN,NaN,NaN,NaN,NaN,0,0,0,0,0,0,NaN,0.0385,0.4,0,MAT,Trp,B,NaN
-2.02409638554217,-2.89497170222029,-0.48784907269239,-0.48784907269239,NaN,NaN,NaN,NaN,NaN,NaN,NaN,0,0,0,0,0,0,NaN,0.0385,0.4,0,MAT,Trp,B,NaN
-2.02409638554217,-2.89497170222029,-0.48784907269239,-0.48784907269239,NaN,NaN,NaN,NaN,NaN,NaN,NaN,0,0,0,0,0,0,NaN,0.0385,0.4,0,MAT,Trp,B,NaN
-2.02409638554217,-2.89497170222029,-0.48784907269239,-0.48784907269239,NaN,NaN,NaN,NaN,NaN,NaN,NaN,0,0,0,0,0,0,NaN,0.0385,0.4,0,MAT,Trp,B,NaN
15.2922547332186,6.55265563778842,2.38863781709657,2.89292261777873,NaN,NaN,NaN,NaN,NaN,NaN,NaN,2074700,201960,1.09224,1,0,0,1,0.0385,0.4,0,MAT,Trp,B,NaN
-2.02409638554217,-2.89497170222029,-0.48784907269239,-0.48784907269239,NaN,NaN,NaN,NaN,NaN,NaN,NaN,0,0,0,0,0,0,NaN,0.0385,0.4,0,MAT,Trp,B,NaN
24.4130808950086,10.4807357422725,2.50272862929013,3.13713493924536,NaN,NaN,NaN,NaN,NaN,NaN,NaN,2028100,89141,9.52176,2,1,0,4,0.0385,0.4,0,MAT,Trp,B,NaN
15.182099827883,5.93184588593818,2.64751652099766,3.61345128970369,NaN,NaN,NaN,NaN,NaN,NaN,NaN,NaN,NaN,0,0,0,0,NaN,0.0385,0.4,0,MAT,Trp,B,NaN
-2.02409638554217,-2.89497170222029,-0.48784907269239,-0.48784907269239,NaN,NaN,NaN,NaN,NaN,NaN,NaN,0,0,0,0,0,0,NaN,0.0385,0.4,0,MAT,Trp,B,NaN
-2.02409638554217,-2.89497170222029,-0.48784907269239,-0.48784907269239,NaN,NaN,NaN,NaN,NaN,NaN,NaN,0,0,0,0,0,0,NaN,0.0385,0.4,0,MAT,Trp,B,NaN
-2.02409638554217,-2.89497170222029,-0.48784907269239,-0.48784907269239,NaN,NaN,NaN,NaN,NaN,NaN,NaN,0,0,0,0,0,0,NaN,0.0385,0.4,0,MAT,Trp,B,NaN
-2.02409638554217,-2.89497170222029,-0.48784907269239,-0.48784907269239,NaN,NaN,NaN,NaN,NaN,NaN,NaN,0,0,0,0,0,0,NaN,0.0385,0.4,0,MAT,Trp,B,NaN
-2.02409638554217,-2.89497170222029,-0.48784907269239,-0.48784907269239,NaN,NaN,NaN,NaN,NaN,NaN,NaN,0,0,0,0,0,0,NaN,0.0385,0.4,0,MAT,Trp,B,NaN
-2.02409638554217,-2.89497170222029,-0.48784907269239,-0.48784907269239,NaN,NaN,NaN,NaN,NaN,NaN,NaN,0,0,0,0,0,0,NaN,0.0385,0.4,0,MAT,Trp,B,NaN
-2.02409638554217,-2.89497170222029,-0.48784907269239,-0.48784907269239,NaN,NaN,NaN,NaN,NaN,NaN,NaN,0,0,0,0,0,0,NaN,0.0385,0.4,0,MAT,Trp,B,NaN
-2.02409638554217,-2.89497170222029,-0.48784907269239,-0.48784907269239,NaN,NaN,NaN,NaN,NaN,NaN,NaN,0,0,0,0,0,0,NaN,0.0385,0.4,0,MAT,Trp,B,NaN
15.9311531841652,6.05618197649108,2.85608612236197,3.75107652952462,NaN,NaN,NaN,NaN,NaN,NaN,NaN,NaN,NaN,0,0,0,0,NaN,0.0385,0.4,0,MAT,Trp,B,NaN
-2.02409638554217,-2.89497170222029,-0.48784907269239,-0.48784907269239,NaN,NaN,NaN,NaN,NaN,NaN,NaN,0,0,0,0,0,0,NaN,0.0385,0.4,0,MAT,Trp,B,NaN
-2.02409638554217,-2.89497170222029,-0.48784907269239,-0.48784907269239,NaN,NaN,NaN,NaN,NaN,NaN,NaN,0,0,0,0,0,0,NaN,0.0385,0.4,0,MAT,Trp,B,NaN
-2.02409638554217,-2.89497170222029,-0.48784907269239,-0.48784907269239,NaN,NaN,NaN,NaN,NaN,NaN,NaN,0,0,0,0,0,0,NaN,0.0385,0.4,0,MAT,Trp,B,NaN
17.6936316695353,6.71338702655638,2.63233852057131,3.43370283521637,NaN,NaN,NaN,NaN,NaN,NaN,NaN,NaN,NaN,0,0,0,0,NaN,0.0385,0.4,0,MAT,Trp,B,NaN
-2.02409638554217,-2.89497170222029,-0.48784907269239,-0.48784907269239,NaN,NaN,NaN,NaN,NaN,NaN,NaN,0,0,0,0,0,0,NaN,0.0385,0.4,0,MAT,Trp,B,NaN
-2.02409638554217,-2.89497170222029,-0.48784907269239,-0.48784907269239,NaN,NaN,NaN,NaN,NaN,NaN,NaN,0,0,0,0,0,0,NaN,0.0385,0.4,0,MAT,Trp,B,NaN
23.2895008605852,9.03885502829778,2.85540396503944,3.38731613728416,NaN,NaN,NaN,NaN,NaN,NaN,NaN,NaN,NaN,0,0,0,0,NaN,0.0385,0.4,0,MAT,Trp,B,NaN
24.4130808950086,11.0162168045276,2.4979535280324,2.99950969942443,NaN,NaN,NaN,NaN,NaN,NaN,NaN,1715600,121640,1.216464,1,0,0,1,0.0385,0.4,0,MAT,Trp,B,NaN
-2.02409638554217,-2.89497170222029,-0.48784907269239,-0.48784907269239,NaN,NaN,NaN,NaN,NaN,NaN,NaN,0,0,0,0,0,0,NaN,0.0385,0.4,0,MAT,Trp,B,NaN
-2.02409638554217,-2.89497170222029,-0.48784907269239,-0.48784907269239,NaN,NaN,NaN,NaN,NaN,NaN,NaN,0,0,0,0,0,0,NaN,0.0385,0.4,0,MAT,Trp,B,NaN
-2.02409638554217,-2.89497170222029,-0.48784907269239,-0.48784907269239,NaN,NaN,NaN,NaN,NaN,NaN,NaN,0,0,0,0,0,0,NaN,0.0385,0.4,0,MAT,Trp,B,NaN
-2.02409638554217,-2.89497170222029,-0.48784907269239,-0.48784907269239,NaN,NaN,NaN,NaN,NaN,NaN,NaN,0,0,0,0,0,0,NaN,0.0385,0.4,0,MAT,Trp,B,NaN
10.0488812392427,5.05801044841097,1.98531230014922,3.00769558729482,NaN,NaN,NaN,NaN,NaN,NaN,NaN,3186200,413000,1.63504,1,0,1,2,0.0385,0.4,0,MAT,Trp,B,NaN
17.297074010327,5.41064431867654,2.87518652739288,3.73351097846941,NaN,NaN,NaN,NaN,NaN,NaN,NaN,1740100,294340,1.416576,1,0,0,1,0.0385,0.4,0,MAT,Trp,B,NaN
-2.02409638554217,-2.89497170222029,-0.48784907269239,-0.48784907269239,NaN,NaN,NaN,NaN,NaN,NaN,NaN,0,0,0,0,0,0,NaN,0.0385,0.4,0,MAT,Trp,B,NaN
14.4110154905336,5.76380060949064,2.50869750586229,3.75499893412918,NaN,NaN,NaN,NaN,NaN,NaN,NaN,NaN,NaN,0,0,0,0,NaN,0.0385,0.4,0,MAT,Trp,B,NaN
-2.02409638554217,-2.89497170222029,-0.48784907269239,-0.48784907269239,NaN,NaN,NaN,NaN,NaN,NaN,NaN,0,0,0,0,0,0,NaN,0.0385,0.4,0,MAT,Trp,B,NaN
-2.02409638554217,-2.89497170222029,-0.48784907269239,-0.48784907269239,NaN,NaN,NaN,NaN,NaN,NaN,NaN,0,0,0,0,0,0,NaN,0.0385,0.4,0,MAT,Trp,B,NaN
-2.02409638554217,-2.89497170222029,-0.48784907269239,-0.48784907269239,NaN,NaN,NaN,NaN,NaN,NaN,NaN,0,0,0,0,0,0,NaN,0.0385,0.4,0,MAT,Trp,B,NaN
19.1697074010327,7.9492599042229,2.8042421658495,3.82236196972927,NaN,NaN,NaN,NaN,NaN,NaN,NaN,NaN,NaN,0,0,0,0,NaN,0.0385,0.4,0,MAT,Trp,B,NaN
-2.02409638554217,-2.89497170222029,-0.48784907269239,-0.48784907269239,NaN,NaN,NaN,NaN,NaN,NaN,NaN,0,0,0,0,0,0,NaN,0.0385,0.4,0,MAT,Trp,B,NaN
-2.02409638554217,-2.89497170222029,-0.48784907269239,-0.48784907269239,NaN,NaN,NaN,NaN,NaN,NaN,NaN,0,0,0,0,0,0,NaN,0.0385,0.4,0,MAT,Trp,B,NaN
17.0106712564544,5.51077492381367,2.81652099765508,3.53227456832232,NaN,NaN,NaN,NaN,NaN,NaN,NaN,2916600,509880,1.3816,1,0,0,1,0.0385,0.4,0,MAT,Trp,B,NaN
-2.02409638554217,-2.89497170222029,-0.48784907269239,-0.48784907269239,NaN,NaN,NaN,NaN,NaN,NaN,NaN,0,0,0,0,0,0,NaN,0.0385,0.4,0,MAT,Trp,B,NaN
15.3142857142857,6.27124510230736,2.48652739287998,3.61481560434875,NaN,NaN,NaN,NaN,NaN,NaN,NaN,NaN,NaN,0,0,0,0,NaN,0.0385,0.4,0,MAT,Trp,B,NaN
14.3449225473322,5.71173269481933,2.65246216158602,3.42278831805585,NaN,NaN,NaN,NaN,NaN,NaN,NaN,NaN,NaN,0,0,0,0,NaN,0.0385,0.4,0,MAT,Trp,B,NaN
-2.02409638554217,-2.89497170222029,-0.48784907269239,-0.48784907269239,NaN,NaN,NaN,NaN,NaN,NaN,NaN,0,0,0,0,0,0,NaN,0.0385,0.4,0,MAT,Trp,B,NaN
17.0547332185886,5.50015237265999,2.86324877424856,3.67211681944148,NaN,NaN,NaN,NaN,NaN,NaN,NaN,NaN,NaN,0,0,0,0,NaN,0.0385,0.4,0,MAT,Trp,B,NaN
-2.02409638554217,-2.89497170222029,-0.48784907269239,-0.48784907269239,NaN,NaN,NaN,NaN,NaN,NaN,NaN,0,0,0,0,0,0,NaN,0.0385,0.4,0,MAT,Trp,B,NaN
14.7414802065404,5.98722246408359,2.5005116179919,3.30341078661266,NaN,NaN,NaN,NaN,NaN,NaN,NaN,2511700,396600,1.128576,1,0,0,1,0.0385,0.4,0,MAT,Trp,B,NaN
-2.02409638554217,-2.89497170222029,-0.48784907269239,-0.48784907269239,NaN,NaN,NaN,NaN,NaN,NaN,NaN,0,0,0,0,0,0,NaN,0.0385,0.4,0,MAT,Trp,B,NaN
23.7301204819277,8.60559425337397,2.92020891068003,3.56143679386058,NaN,NaN,NaN,NaN,NaN,NaN,NaN,2178500,287430,1.392,1,0,0,1,0.0385,0.4,0,MAT,Trp,B,NaN
10.5996557659208,5.01412712233348,2.13828607972714,3.0266254529951,NaN,NaN,NaN,NaN,NaN,NaN,NaN,2045200,356280,1.330752,1,0,0,1,0.0385,0.4,0,MAT,Trp,B,NaN
12.2299483648881,4.6935350457118,2.53888296738435,3.2742485610744,NaN,NaN,NaN,NaN,NaN,NaN,NaN,NaN,NaN,0,0,0,0,NaN,0.0385,0.4,0,MAT,Trp,B,NaN
-2.02409638554217,-2.89497170222029,-0.48784907269239,-0.48784907269239,NaN,NaN,NaN,NaN,NaN,NaN,NaN,0,0,0,0,0,0,NaN,0.0385,0.4,0,MAT,Trp,B,NaN
-2.02409638554217,-2.89497170222029,-0.48784907269239,-0.48784907269239,NaN,NaN,NaN,NaN,NaN,NaN,NaN,0,0,0,0,0,0,NaN,0.0385,0.4,0,MAT,Trp,B,NaN
-2.02409638554217,-2.89497170222029,-0.48784907269239,-0.48784907269239,NaN,NaN,NaN,NaN,NaN,NaN,NaN,0,0,0,0,0,0,NaN,0.0385,0.4,0,MAT,Trp,B,NaN
-2.02409638554217,-2.89497170222029,-0.48784907269239,-0.48784907269239,NaN,NaN,NaN,NaN,NaN,NaN,NaN,0,0,0,0,0,0,NaN,0.0385,0.4,0,MAT,Trp,B,NaN
11.0843373493976,5.16667392250762,2.04397782988702,2.6086335536133,NaN,NaN,NaN,NaN,NaN,NaN,NaN,NaN,NaN,0,0,0,0,NaN,0.0385,0.4,0,MAT,Trp,B,NaN
2.73459552495697,2.0171745755333,0.918861649968024,1.43037731826903,NaN,NaN,NaN,NaN,NaN,NaN,NaN,NaN,NaN,0,0,0,0,NaN,0.0385,0.4,0,MAT,Trp,B,NaN
12.1858864027539,5.13654767087506,2.39938179492645,3.15231293967171,NaN,NaN,NaN,NaN,NaN,NaN,NaN,NaN,NaN,0,0,0,0,NaN,0.0385,0.4,0,MAT,Trp,B,NaN
20.8881239242685,7.02614279494994,2.70311234278405,3.27305478575997,NaN,NaN,NaN,NaN,NaN,NaN,NaN,881310,163720,1.317568,1,0,0,1,0.0385,0.4,0,MAT,Trp,B,NaN
-2.02409638554217,-2.89497170222029,-0.48784907269239,-0.48784907269239,NaN,NaN,NaN,NaN,NaN,NaN,NaN,0,0,0,0,0,0,NaN,0.0385,0.4,0,MAT,Trp,B,NaN
-2.02409638554217,-2.89497170222029,-0.48784907269239,-0.48784907269239,NaN,NaN,NaN,NaN,NaN,NaN,NaN,0,0,0,0,0,0,NaN,0.0385,0.4,0,MAT,Trp,B,NaN
15.7549053356282,6.25574662603396,2.66644638669793,3.9877851204434,NaN,NaN,NaN,NaN,NaN,NaN,NaN,1499400,263700,1.5116,1,0,0,1,0.0385,0.4,0,MAT,Trp,B,NaN
-2.02409638554217,-2.89497170222029,-0.48784907269239,-0.48784907269239,NaN,NaN,NaN,NaN,NaN,NaN,NaN,0,0,0,0,0,0,NaN,0.0385,0.4,0,MAT,Trp,B,NaN
16.8784853700516,6.57895080539835,2.57452568748668,3.29573651673417,NaN,NaN,NaN,NaN,NaN,NaN,NaN,1479800,196310,1.476912,1,0,0,1,0.0385,0.4,0,MAT,Trp,B,NaN
-2.02409638554217,-2.89497170222029,-0.48784907269239,-0.48784907269239,NaN,NaN,NaN,NaN,NaN,NaN,NaN,0,0,0,0,0,0,NaN,0.0385,0.4,0,MAT,Trp,B,NaN
