cell_area,cell_length,cell_width_avg,cell_width_max,dye_area,dye_length,dye_width,dye_delta,ratio_area,ratio_length,ratio_width,DNA_intensity,DNA_perNuc,nuclei_delta,nucleiNr,mid2_check,cut3_check,cycle_phase,growth_rate,OD_extraction,stain_check,analysis_mode,condition,replica,tPoint
17.4292598967298,7.37964736612973,2.20923044127052,2.99609891281177,NaN,NaN,NaN,NaN,NaN,NaN,NaN,2772500,465350,1.3688,1,0,0,1,0.1961,0.4,0,MAT,NH4,C,NaN
36.5521514629948,14.3994122768829,2.48294606693669,3.47326795992326,NaN,NaN,NaN,NaN,NaN,NaN,NaN,2814900,215910,1.40288,1,0,1,2,0.1961,0.4,0,MAT,NH4,C,NaN
-2.02409638554217,-2.89497170222029,-0.48784907269239,-0.48784907269239,NaN,NaN,NaN,NaN,NaN,NaN,NaN,0,0,0,0,0,0,NaN,0.1961,0.4,0,MAT,NH4,C,NaN
-2.02409638554217,-2.89497170222029,-0.48784907269239,-0.48784907269239,NaN,NaN,NaN,NaN,NaN,NaN,NaN,0,0,0,0,0,0,NaN,0.1961,0.4,0,MAT,NH4,C,NaN
-2.02409638554217,-2.89497170222029,-0.48784907269239,-0.48784907269239,NaN,NaN,NaN,NaN,NaN,NaN,NaN,0,0,0,0,0,0,NaN,0.1961,0.4,0,MAT,NH4,C,NaN
29.1497418244406,10.0873530692207,2.71692602856534,3.09501172457898,NaN,NaN,NaN,NaN,NaN,NaN,NaN,NaN,NaN,0,0,0,0,NaN,0.1961,0.4,0,MAT,NH4,C,NaN
20.1170395869191,8.48265128428385,2.47697719036453,3.11684075890002,NaN,NaN,NaN,NaN,NaN,NaN,NaN,2640900,506560,1.327504,1,0,0,1,0.1961,0.4,0,MAT,NH4,C,NaN
-2.02409638554217,-2.89497170222029,-0.48784907269239,-0.48784907269239,NaN,NaN,NaN,NaN,NaN,NaN,NaN,0,0,0,0,0,0,NaN,0.1961,0.4,0,MAT,NH4,C,NaN
-2.02409638554217,-2.89497170222029,-0.48784907269239,-0.48784907269239,NaN,NaN,NaN,NaN,NaN,NaN,NaN,0,0,0,0,0,0,NaN,0.1961,0.4,0,MAT,NH4,C,NaN
-2.02409638554217,-2.89497170222029,-0.48784907269239,-0.48784907269239,NaN,NaN,NaN,NaN,NaN,NaN,NaN,0,0,0,0,0,0,NaN,0.1961,0.4,0,MAT,NH4,C,NaN
20.1390705679862,6.54429690901176,2.68384139842251,3.07403538691111,NaN,NaN,NaN,NaN,NaN,NaN,NaN,2761500,450090,1.260896,1,0,0,1,0.1961,0.4,0,MAT,NH4,C,NaN
33.423752151463,12.7995864170657,2.65655510552121,3.28175229162226,NaN,NaN,NaN,NaN,NaN,NaN,NaN,3570000,320150,1.209584,1,0,1,2,0.1961,0.4,0,MAT,NH4,C,NaN
-2.02409638554217,-2.89497170222029,-0.48784907269239,-0.48784907269239,NaN,NaN,NaN,NaN,NaN,NaN,NaN,0,0,0,0,0,0,NaN,0.1961,0.4,0,MAT,NH4,C,NaN
30.7800344234079,10.8572268175882,2.86972926881262,3.28601577488808,NaN,NaN,NaN,NaN,NaN,NaN,NaN,3473500,299240,1.400832,1,0,0,1,0.1961,0.4,0,MAT,NH4,C,NaN
22.1218588640275,8.01229865041358,2.5555958217864,3.03975698145385,NaN,NaN,NaN,NaN,NaN,NaN,NaN,1674300,115310,1.2904,1,0,0,1,0.1961,0.4,0,MAT,NH4,C,NaN
36.5080895008606,13.4653243360906,2.72204220848433,3.13849925389043,NaN,NaN,NaN,NaN,NaN,NaN,NaN,NaN,NaN,0,0,0,0,NaN,0.1961,0.4,0,MAT,NH4,C,NaN
23.0691910499139,10.002720940357,2.31342997228736,2.7481347260712,NaN,NaN,NaN,NaN,NaN,NaN,NaN,3887600,453220,5.21504,2,0,0,3,0.1961,0.4,0,MAT,NH4,C,NaN
-2.02409638554217,-2.89497170222029,-0.48784907269239,-0.48784907269239,NaN,NaN,NaN,NaN,NaN,NaN,NaN,0,0,0,0,0,0,NaN,0.1961,0.4,0,MAT,NH4,C,NaN
22.6065404475043,10.3988898563344,2.02453634619484,2.41097846940951,NaN,NaN,NaN,NaN,NaN,NaN,NaN,1990300,151780,1.24376,1,0,0,1,0.1961,0.4,0,MAT,NH4,C,NaN
23.7080895008606,8.18678711362647,2.87535706672351,3.45467917288425,NaN,NaN,NaN,NaN,NaN,NaN,NaN,2421400,294430,1.210928,1,0,0,1,0.1961,0.4,0,MAT,NH4,C,NaN
26.9907056798623,10.9732041793644,2.49215519079088,3.14463866979322,NaN,NaN,NaN,NaN,NaN,NaN,NaN,3140100,451870,1.64384,1,0,0,1,0.1961,0.4,0,MAT,NH4,C,NaN
14.3669535283993,6.89814976055725,1.98787039010872,2.58902153059049,NaN,NaN,NaN,NaN,NaN,NaN,NaN,NaN,NaN,0,0,0,0,NaN,0.1961,0.4,0,MAT,NH4,C,NaN
32.1239242685026,11.22553330431,2.67122148795566,3.42909827328928,NaN,NaN,NaN,NaN,NaN,NaN,NaN,1905800,93377,1.33232,1,0,0,1,0.1961,0.4,0,MAT,NH4,C,NaN
-2.02409638554217,-2.89497170222029,-0.48784907269239,-0.48784907269239,NaN,NaN,NaN,NaN,NaN,NaN,NaN,0,0,0,0,0,0,NaN,0.1961,0.4,0,MAT,NH4,C,NaN
16.0192771084337,5.95465824989116,2.24248561074398,2.90025580899595,NaN,NaN,NaN,NaN,NaN,NaN,NaN,1340700,132940,1.357728,1,0,0,1,0.1961,0.4,0,MAT,NH4,C,NaN
25.0740103270224,14.4288419677841,1.92562353442763,2.61869537412066,NaN,NaN,NaN,NaN,NaN,NaN,NaN,436350,79401,1.350576,1,0,0,1,0.1961,0.4,0,MAT,NH4,C,NaN
19.8746987951807,8.67002612102743,2.07876785333618,2.65126838627158,NaN,NaN,NaN,NaN,NaN,NaN,NaN,2620600,191200,1.385808,1,0,0,1,0.1961,0.4,0,MAT,NH4,C,NaN
23.774182444062,11.8700261210274,1.97064591771477,2.57111490087401,NaN,NaN,NaN,NaN,NaN,NaN,NaN,2151400,102200,9.02624,2,0,0,3,0.1961,0.4,0,MAT,NH4,C,NaN
-2.02409638554217,-2.89497170222029,-0.48784907269239,-0.48784907269239,NaN,NaN,NaN,NaN,NaN,NaN,NaN,0,0,0,0,0,0,NaN,0.1961,0.4,0,MAT,NH4,C,NaN
30.9122203098107,11.5208750544188,2.86972926881262,3.41698998081432,NaN,NaN,NaN,NaN,NaN,NaN,NaN,NaN,NaN,0,0,0,0,NaN,0.1961,0.4,0,MAT,NH4,C,NaN
22.5184165232358,7.93619939050936,2.91833297804306,3.96817309742059,NaN,NaN,NaN,NaN,NaN,NaN,NaN,NaN,NaN,0,0,0,0,NaN,0.1961,0.4,0,MAT,NH4,C,NaN
20.095008605852,7.437461906835,2.63097420592624,3.25890002131742,NaN,NaN,NaN,NaN,NaN,NaN,NaN,NaN,NaN,0,0,0,0,NaN,0.1961,0.4,0,MAT,NH4,C,NaN
-2.02409638554217,-2.89497170222029,-0.48784907269239,-0.48784907269239,NaN,NaN,NaN,NaN,NaN,NaN,NaN,0,0,0,0,0,0,NaN,0.1961,0.4,0,MAT,NH4,C,NaN
25.712908777969,10.3301044841097,2.53785973140055,2.98109145171605,NaN,NaN,NaN,NaN,NaN,NaN,NaN,2306400,130700,1.045408,1,0,0,1,0.1961,0.4,0,MAT,NH4,C,NaN
32.4103270223752,11.9180888114933,2.50034107866127,3.31671285440205,NaN,NaN,NaN,NaN,NaN,NaN,NaN,NaN,NaN,0,0,0,0,NaN,0.1961,0.4,0,MAT,NH4,C,NaN
5.18003442340792,6.53210709621245,0.752534640801535,1.52963120869751,NaN,NaN,NaN,NaN,NaN,NaN,NaN,2216500,154190,1.119376,1,0,0,1,0.1961,0.4,0,MAT,NH4,C,NaN
28.4447504302926,10.1615367871136,2.80492432317203,3.32489874227244,NaN,NaN,NaN,NaN,NaN,NaN,NaN,2315600,168530,1.1804,1,0,0,1,0.1961,0.4,0,MAT,NH4,C,NaN
-2.02409638554217,-2.89497170222029,-0.48784907269239,-0.48784907269239,NaN,NaN,NaN,NaN,NaN,NaN,NaN,0,0,0,0,0,0,NaN,0.1961,0.4,0,MAT,NH4,C,NaN
25.889156626506,9.55936003482804,2.57520784480921,3.03839266680878,NaN,NaN,NaN,NaN,NaN,NaN,NaN,1633700,57962,1.30824,1,0,0,1,0.1961,0.4,0,MAT,NH4,C,NaN
23.4657487091222,9.9584893339138,2.46333404391388,3.45587294819868,NaN,NaN,NaN,NaN,NaN,NaN,NaN,1233600,62039,1.522992,1,0,0,1,0.1961,0.4,0,MAT,NH4,C,NaN
28.0041308089501,12.3454288202003,2.16079727137071,2.8315284587508,NaN,NaN,NaN,NaN,NaN,NaN,NaN,2335200,226090,1.4852,1,0,0,1,0.1961,0.4,0,MAT,NH4,C,NaN
-2.02409638554217,-2.89497170222029,-0.48784907269239,-0.48784907269239,NaN,NaN,NaN,NaN,NaN,NaN,NaN,0,0,0,0,0,0,NaN,0.1961,0.4,0,MAT,NH4,C,NaN
-2.02409638554217,-2.89497170222029,-0.48784907269239,-0.48784907269239,NaN,NaN,NaN,NaN,NaN,NaN,NaN,0,0,0,0,0,0,NaN,0.1961,0.4,0,MAT,NH4,C,NaN
17.2530120481928,7.08656943839791,2.41643572798977,2.91048816883394,NaN,NaN,NaN,NaN,NaN,NaN,NaN,1644200,171700,1.184144,1,0,0,1,0.1961,0.4,0,MAT,NH4,C,NaN
34.1728055077453,12.5949717022203,2.81191643572799,3.31176721381369,NaN,NaN,NaN,NaN,NaN,NaN,NaN,1915100,111120,1.393648,1,0,0,1,0.1961,0.4,0,MAT,NH4,C,NaN
26.594148020654,10.7851327818894,2.48124067363036,3.41306757620976,NaN,NaN,NaN,NaN,NaN,NaN,NaN,1920900,166570,1.529952,1,0,0,1,0.1961,0.4,0,MAT,NH4,C,NaN
34.7896729776248,11.9287113626469,2.88439565124707,3.4693455553187,NaN,NaN,NaN,NaN,NaN,NaN,NaN,NaN,NaN,0,0,0,0,NaN,0.1961,0.4,0,MAT,NH4,C,NaN
21.0423407917384,8.52879843273836,2.4469622681731,3.27697719036453,NaN,NaN,NaN,NaN,NaN,NaN,NaN,1591400,149720,1.392832,1,0,0,1,0.1961,0.4,0,MAT,NH4,C,NaN
-2.02409638554217,-2.89497170222029,-0.48784907269239,-0.48784907269239,NaN,NaN,NaN,NaN,NaN,NaN,NaN,0,0,0,0,0,0,NaN,0.1961,0.4,0,MAT,NH4,C,NaN
-2.02409638554217,-2.89497170222029,-0.48784907269239,-0.48784907269239,NaN,NaN,NaN,NaN,NaN,NaN,NaN,0,0,0,0,0,0,NaN,0.1961,0.4,0,MAT,NH4,C,NaN
11.1063683304647,6.11556377884197,1.6155830313366,2.08422511191644,NaN,NaN,NaN,NaN,NaN,NaN,NaN,854740,207510,1.511296,1,0,0,1,0.1961,0.4,0,MAT,NH4,C,NaN
25.184165232358,11.8134305616021,2.11969729268813,2.56923896823705,NaN,NaN,NaN,NaN,NaN,NaN,NaN,5967600,790300,8.3552,2,0,0,3,0.1961,0.4,0,MAT,NH4,C,NaN
-2.02409638554217,-2.89497170222029,-0.48784907269239,-0.48784907269239,NaN,NaN,NaN,NaN,NaN,NaN,NaN,0,0,0,0,0,0,NaN,0.1961,0.4,0,MAT,NH4,C,NaN
-2.02409638554217,-2.89497170222029,-0.48784907269239,-0.48784907269239,NaN,NaN,NaN,NaN,NaN,NaN,NaN,0,0,0,0,0,0,NaN,0.1961,0.4,0,MAT,NH4,C,NaN
30.625817555938,11.3592729647366,2.6132381155404,3.22035813259433,NaN,NaN,NaN,NaN,NaN,NaN,NaN,5341300,647670,1.181136,1,0,0,1,0.1961,0.4,0,MAT,NH4,C,NaN
22.1879518072289,8.5570091423596,2.3882967384353,3.08256235344276,NaN,NaN,NaN,NaN,NaN,NaN,NaN,2034900,248140,1.261072,1,0,0,1,0.1961,0.4,0,MAT,NH4,C,NaN
32.718760757315,12.0058554636482,2.75836708590919,3.41835429545939,NaN,NaN,NaN,NaN,NaN,NaN,NaN,2958700,184820,1.097712,1,0,0,1,0.1961,0.4,0,MAT,NH4,C,NaN
18.178313253012,7.17033086634741,2.49334896610531,3.17328927733959,NaN,NaN,NaN,NaN,NaN,NaN,NaN,1945600,234940,1.32128,1,0,0,1,0.1961,0.4,0,MAT,NH4,C,NaN
30.7580034423408,11.6154331737048,2.76723513110211,3.28891494350885,NaN,NaN,NaN,NaN,NaN,NaN,NaN,3061400,337820,1.463392,1,0,0,1,0.1961,0.4,0,MAT,NH4,C,NaN
29.6784853700516,12.3086852416195,2.29978682583671,2.91867405670433,NaN,NaN,NaN,NaN,NaN,NaN,NaN,NaN,NaN,0,0,0,0,NaN,0.1961,0.4,0,MAT,NH4,C,NaN
35.4946643717728,12.8274488463213,2.73636751225751,3.41460243018546,NaN,NaN,NaN,NaN,NaN,NaN,NaN,3193300,162860,9.14528,2,1,0,4,0.1961,0.4,0,MAT,NH4,C,NaN
36.9046471600689,13.8635829342621,2.54212321466638,3.01281176721381,NaN,NaN,NaN,NaN,NaN,NaN,NaN,3136600,310870,1.3444,1,0,0,1,0.1961,0.4,0,MAT,NH4,C,NaN
21.3728055077453,8.23188942098389,2.72903432104029,3.21728842464293,NaN,NaN,NaN,NaN,NaN,NaN,NaN,2356800,412620,1.40096,1,0,0,1,0.1961,0.4,0,MAT,NH4,C,NaN
-2.02409638554217,-2.89497170222029,-0.48784907269239,-0.48784907269239,NaN,NaN,NaN,NaN,NaN,NaN,NaN,0,0,0,0,0,0,NaN,0.1961,0.4,0,MAT,NH4,C,NaN
27.5414802065405,9.55274270787984,2.67088040929439,3.08801961202302,NaN,NaN,NaN,NaN,NaN,NaN,NaN,2282800,272740,1.558544,1,0,0,1,0.1961,0.4,0,MAT,NH4,C,NaN
21.5490533562823,7.65670439703962,2.66098912811767,3.30801534853976,NaN,NaN,NaN,NaN,NaN,NaN,NaN,1856200,229130,1.26752,1,0,0,1,0.1961,0.4,0,MAT,NH4,C,NaN
-2.02409638554217,-2.89497170222029,-0.48784907269239,-0.48784907269239,NaN,NaN,NaN,NaN,NaN,NaN,NaN,0,0,0,0,0,0,NaN,0.1961,0.4,0,MAT,NH4,C,NaN
41.5531841652324,15.6109055289508,2.62432317203155,3.08494990407163,NaN,NaN,NaN,NaN,NaN,NaN,NaN,NaN,NaN,0,0,0,0,NaN,0.1961,0.4,0,MAT,NH4,C,NaN
-2.02409638554217,-2.89497170222029,-0.48784907269239,-0.48784907269239,NaN,NaN,NaN,NaN,NaN,NaN,NaN,0,0,0,0,0,0,NaN,0.1961,0.4,0,MAT,NH4,C,NaN
20.271256454389,7.98548106225511,2.57708377744617,3.36616926028565,NaN,NaN,NaN,NaN,NaN,NaN,NaN,2665700,684100,1.545136,1,0,0,1,0.1961,0.4,0,MAT,NH4,C,NaN
-2.02409638554217,-2.89497170222029,-0.48784907269239,-0.48784907269239,NaN,NaN,NaN,NaN,NaN,NaN,NaN,0,0,0,0,0,0,NaN,0.1961,0.4,0,MAT,NH4,C,NaN
27.5635111876076,10.6590552895081,2.6369430824984,3.66393093157109,NaN,NaN,NaN,NaN,NaN,NaN,NaN,2705300,387240,1.386896,1,0,0,1,0.1961,0.4,0,MAT,NH4,C,NaN
27.5414802065405,10.668284719199,2.4464506501812,2.80918780643786,NaN,NaN,NaN,NaN,NaN,NaN,NaN,4394300,351490,6.02464,2,0,0,3,0.1961,0.4,0,MAT,NH4,C,NaN
15.3363166953528,8.22213757074445,2.02334257088041,2.67309742059262,NaN,NaN,NaN,NaN,NaN,NaN,NaN,1786500,271270,1.267712,1,0,0,1,0.1961,0.4,0,MAT,NH4,C,NaN
24.6774526678141,11.7141706573792,2.00816457045406,2.4484971221488,NaN,NaN,NaN,NaN,NaN,NaN,NaN,1481600,56389,1.228944,1,0,0,1,0.1961,0.4,0,MAT,NH4,C,NaN
19.3679862306368,8.2533086634741,2.50460456192709,3.17635898529098,NaN,NaN,NaN,NaN,NaN,NaN,NaN,NaN,NaN,0,0,0,0,NaN,0.1961,0.4,0,MAT,NH4,C,NaN
26.1755593803787,10.3100783630823,2.4974419100405,3.07676401620124,NaN,NaN,NaN,NaN,NaN,NaN,NaN,2230000,273680,1.492288,1,0,0,1,0.1961,0.4,0,MAT,NH4,C,NaN
28.334595524957,10.966760992599,2.49062033681518,3.0487955659774,NaN,NaN,NaN,NaN,NaN,NaN,NaN,2268300,261300,1.307408,1,0,0,1,0.1961,0.4,0,MAT,NH4,C,NaN
32.7407917383821,12.4102089682194,2.59430824984012,3.26486889788958,NaN,NaN,NaN,NaN,NaN,NaN,NaN,NaN,NaN,0,0,0,0,NaN,0.1961,0.4,0,MAT,NH4,C,NaN
33.3135972461274,12.9181758815847,2.49300788744404,3.09944574717544,NaN,NaN,NaN,NaN,NaN,NaN,NaN,3324300,201760,9.16912,2,0,0,3,0.1961,0.4,0,MAT,NH4,C,NaN
-2.02409638554217,-2.89497170222029,-0.48784907269239,-0.48784907269239,NaN,NaN,NaN,NaN,NaN,NaN,NaN,0,0,0,0,0,0,NaN,0.1961,0.4,0,MAT,NH4,C,NaN
19.742512908778,7.3293208532869,2.48976764016201,3.26265188659135,NaN,NaN,NaN,NaN,NaN,NaN,NaN,2360900,393710,1.39368,1,0,0,1,0.1961,0.4,0,MAT,NH4,C,NaN
-2.02409638554217,-2.89497170222029,-0.48784907269239,-0.48784907269239,NaN,NaN,NaN,NaN,NaN,NaN,NaN,0,0,0,0,0,0,NaN,0.1961,0.4,0,MAT,NH4,C,NaN
20.976247848537,8.45705267740531,2.33764655723726,2.85352803240247,NaN,NaN,NaN,NaN,NaN,NaN,NaN,2271200,370260,1.348992,1,0,0,1,0.1961,0.4,0,MAT,NH4,C,NaN
18.2003442340792,7.38034392686112,2.366126625453,2.92890641654231,NaN,NaN,NaN,NaN,NaN,NaN,NaN,1315700,131550,1.09472,1,0,0,1,0.1961,0.4,0,MAT,NH4,C,NaN
-2.02409638554217,-2.89497170222029,-0.48784907269239,-0.48784907269239,NaN,NaN,NaN,NaN,NaN,NaN,NaN,0,0,0,0,0,0,NaN,0.1961,0.4,0,MAT,NH4,C,NaN
-2.02409638554217,-2.89497170222029,-0.48784907269239,-0.48784907269239,NaN,NaN,NaN,NaN,NaN,NaN,NaN,0,0,0,0,0,0,NaN,0.1961,0.4,0,MAT,NH4,C,NaN
-2.02409638554217,-2.89497170222029,-0.48784907269239,-0.48784907269239,NaN,NaN,NaN,NaN,NaN,NaN,NaN,0,0,0,0,0,0,NaN,0.1961,0.4,0,MAT,NH4,C,NaN
34.2168674698795,12.677340008707,2.65280324024728,3.40147090172671,NaN,NaN,NaN,NaN,NaN,NaN,NaN,2569900,188230,1.357936,1,0,0,1,0.1961,0.4,0,MAT,NH4,C,NaN
-2.02409638554217,-2.89497170222029,-0.48784907269239,-0.48784907269239,NaN,NaN,NaN,NaN,NaN,NaN,NaN,0,0,0,0,0,0,NaN,0.1961,0.4,0,MAT,NH4,C,NaN
20.6678141135972,10.6803003918154,1.87105094862503,3.08733745470049,NaN,NaN,NaN,NaN,NaN,NaN,NaN,2391000,358720,1.380672,1,0,0,1,0.1961,0.4,0,MAT,NH4,C,NaN
30.8461273666093,14.9631040487593,2.33133660200384,3.27970581965466,NaN,NaN,NaN,NaN,NaN,NaN,NaN,NaN,NaN,0,0,0,0,NaN,0.1961,0.4,0,MAT,NH4,C,NaN
38.1824440619621,14.0906617326948,2.70601151140482,3.4122148795566,NaN,NaN,NaN,NaN,NaN,NaN,NaN,3450300,162720,3.98128,2,0,1,3,0.1961,0.4,0,MAT,NH4,C,NaN
29.4581755593804,10.6926643447976,2.59396717117885,3.0811980387977,NaN,NaN,NaN,NaN,NaN,NaN,NaN,2613400,262850,1.291248,1,0,0,1,0.1961,0.4,0,MAT,NH4,C,NaN
32.6086058519794,12.1580539834567,2.56105308036666,3.01656363248774,NaN,NaN,NaN,NaN,NaN,NaN,NaN,2454600,183740,1.273936,1,0,0,1,0.1961,0.4,0,MAT,NH4,C,NaN
-2.02409638554217,-2.89497170222029,-0.48784907269239,-0.48784907269239,NaN,NaN,NaN,NaN,NaN,NaN,NaN,0,0,0,0,0,0,NaN,0.1961,0.4,0,MAT,NH4,C,NaN
-2.02409638554217,-2.89497170222029,-0.48784907269239,-0.48784907269239,NaN,NaN,NaN,NaN,NaN,NaN,NaN,0,0,0,0,0,0,NaN,0.1961,0.4,0,MAT,NH4,C,NaN
-2.02409638554217,-2.89497170222029,-0.48784907269239,-0.48784907269239,NaN,NaN,NaN,NaN,NaN,NaN,NaN,0,0,0,0,0,0,NaN,0.1961,0.4,0,MAT,NH4,C,NaN
37.0148020654045,14.1373313016979,2.59175015988062,3.21831166062673,NaN,NaN,NaN,NaN,NaN,NaN,NaN,4619800,262360,8.63104,2,0,0,3,0.1961,0.4,0,MAT,NH4,C,NaN
27.8939759036145,10.5213104048759,2.59874227243658,3.0498188019612,NaN,NaN,NaN,NaN,NaN,NaN,NaN,2316800,190220,1.458576,1,0,0,1,0.1961,0.4,0,MAT,NH4,C,NaN
36.4419965576592,12.1838267305181,2.86290769558729,3.39072692389682,NaN,NaN,NaN,NaN,NaN,NaN,NaN,2917500,61673,0.942048,1,0,0,1,0.1961,0.4,0,MAT,NH4,C,NaN
34.4592082616179,13.2121245102307,2.54775101257728,2.9391387763803,NaN,NaN,NaN,NaN,NaN,NaN,NaN,2898900,338010,1.599296,1,0,0,1,0.1961,0.4,0,MAT,NH4,C,NaN
22.1438898450947,7.78156290814106,2.73073971434662,3.20910253677254,NaN,NaN,NaN,NaN,NaN,NaN,NaN,2546900,304590,1.173488,1,0,0,1,0.1961,0.4,0,MAT,NH4,C,NaN
20.5135972461274,8.76388767958206,2.28597314005543,2.7754210189725,NaN,NaN,NaN,NaN,NaN,NaN,NaN,3924400,599130,1.385296,1,0,0,1,0.1961,0.4,0,MAT,NH4,C,NaN
26.1094664371773,12.5261863299956,1.94404178213601,2.42206352590066,NaN,NaN,NaN,NaN,NaN,NaN,NaN,6394100,599840,6.04944,2,0,0,3,0.1961,0.4,0,MAT,NH4,C,NaN
23.5538726333907,8.2466913365259,2.6374547004903,3.31074397782989,NaN,NaN,NaN,NaN,NaN,NaN,NaN,3030300,500580,1.412528,1,0,0,1,0.1961,0.4,0,MAT,NH4,C,NaN
26.2636833046472,9.1241837178929,2.74216584949904,3.30545725858026,NaN,NaN,NaN,NaN,NaN,NaN,NaN,2389600,191760,1.090192,1,0,0,1,0.1961,0.4,0,MAT,NH4,C,NaN
-2.02409638554217,-2.89497170222029,-0.48784907269239,-0.48784907269239,NaN,NaN,NaN,NaN,NaN,NaN,NaN,0,0,0,0,0,0,NaN,0.1961,0.4,0,MAT,NH4,C,NaN
19.3018932874355,9.08378319547236,2.04073758260499,2.67701982519719,NaN,NaN,NaN,NaN,NaN,NaN,NaN,NaN,NaN,0,0,0,0,NaN,0.1961,0.4,0,MAT,NH4,C,NaN
21.5270223752152,8.5629299085764,2.56531656363249,3.03088893626092,NaN,NaN,NaN,NaN,NaN,NaN,NaN,1916300,89263,0.981664,1,0,0,1,0.1961,0.4,0,MAT,NH4,C,NaN
27.1669535283993,9.61612973443622,2.57077382221275,3.25736516734172,NaN,NaN,NaN,NaN,NaN,NaN,NaN,2315700,269000,1.371184,1,0,0,1,0.1961,0.4,0,MAT,NH4,C,NaN
20.9321858864028,7.61438833260775,2.61579620549989,3.28311660626732,NaN,NaN,NaN,NaN,NaN,NaN,NaN,6043900,433820,6.9584,2,0,0,3,0.1961,0.4,0,MAT,NH4,C,NaN
-2.02409638554217,-2.89497170222029,-0.48784907269239,-0.48784907269239,NaN,NaN,NaN,NaN,NaN,NaN,NaN,0,0,0,0,0,0,NaN,0.1961,0.4,0,MAT,NH4,C,NaN
29.1938037865749,9.92070091423596,2.84892347047538,3.42108292474952,NaN,NaN,NaN,NaN,NaN,NaN,NaN,NaN,NaN,0,0,0,0,NaN,0.1961,0.4,0,MAT,NH4,C,NaN
-2.02409638554217,-2.89497170222029,-0.48784907269239,-0.48784907269239,NaN,NaN,NaN,NaN,NaN,NaN,NaN,0,0,0,0,0,0,NaN,0.1961,0.4,0,MAT,NH4,C,NaN
40.4956970740103,14.9561384414454,2.75478575996589,3.50038371349392,NaN,NaN,NaN,NaN,NaN,NaN,NaN,3058200,107120,10.27984,2,1,0,4,0.1961,0.4,0,MAT,NH4,C,NaN
23.7521514629948,8.1448193295603,2.61494350884673,3.41545512683863,NaN,NaN,NaN,NaN,NaN,NaN,NaN,NaN,NaN,0,0,0,0,NaN,0.1961,0.4,0,MAT,NH4,C,NaN
23.7301204819277,9.03955158902917,2.58475804732466,3.04384992538904,NaN,NaN,NaN,NaN,NaN,NaN,NaN,1906900,182430,1.193296,1,0,0,1,0.1961,0.4,0,MAT,NH4,C,NaN
32.9170395869191,11.1858293426208,2.90520144958431,3.47701982519719,NaN,NaN,NaN,NaN,NaN,NaN,NaN,2434400,255040,1.343216,1,0,0,1,0.1961,0.4,0,MAT,NH4,C,NaN
19.7204819277108,7.79201131911189,2.43707098699638,2.98740140694948,NaN,NaN,NaN,NaN,NaN,NaN,NaN,2383400,394250,1.284368,1,0,0,1,0.1961,0.4,0,MAT,NH4,C,NaN
24.4351118760757,8.08665650848933,2.89479855041569,3.44478789170752,NaN,NaN,NaN,NaN,NaN,NaN,NaN,2697300,346050,1.362688,1,0,0,1,0.1961,0.4,0,MAT,NH4,C,NaN
36.1996557659208,15.6370265563779,2.30029844382861,2.74318908548284,NaN,NaN,NaN,NaN,NaN,NaN,NaN,2820000,99190,9.8456,2,0,0,3,0.1961,0.4,0,MAT,NH4,C,NaN
27.0567986230637,9.80663909447105,2.87245789810275,3.46542315071413,NaN,NaN,NaN,NaN,NaN,NaN,NaN,1706300,135810,1.345856,1,0,0,1,0.1961,0.4,0,MAT,NH4,C,NaN
26.7263339070568,9.58878972572921,2.90758900021317,3.38936260925176,NaN,NaN,NaN,NaN,NaN,NaN,NaN,1548600,111490,1.219424,1,0,0,1,0.1961,0.4,0,MAT,NH4,C,NaN
32.5645438898451,11.7977579451458,2.69526753357493,3.54131315284588,NaN,NaN,NaN,NaN,NaN,NaN,NaN,NaN,NaN,0,0,0,0,NaN,0.1961,0.4,0,MAT,NH4,C,NaN
21.3948364888124,11.7665868524162,1.84785759965892,2.2771050948625,NaN,NaN,NaN,NaN,NaN,NaN,NaN,1694500,165350,1.220224,1,0,0,1,0.1961,0.4,0,MAT,NH4,C,NaN
6.72220309810671,1.96528080104484,2.27062460029844,2.75035173736943,NaN,NaN,NaN,NaN,NaN,NaN,NaN,NaN,NaN,0,0,0,0,NaN,0.1961,0.4,0,MAT,NH4,C,NaN
22.2320137693632,7.55396168915978,2.64393519505436,3.07676401620124,NaN,NaN,NaN,NaN,NaN,NaN,NaN,3192900,483950,1.318608,1,0,0,1,0.1961,0.4,0,MAT,NH4,C,NaN
16.5259896729776,8.01874183717893,2.10417821360051,2.84005542528246,NaN,NaN,NaN,NaN,NaN,NaN,NaN,2290400,445730,1.57096,1,0,0,1,0.1961,0.4,0,MAT,NH4,C,NaN
-2.02409638554217,-2.89497170222029,-0.48784907269239,-0.48784907269239,NaN,NaN,NaN,NaN,NaN,NaN,NaN,0,0,0,0,0,0,NaN,0.1961,0.4,0,MAT,NH4,C,NaN
21.0643717728055,8.44120592076622,2.49675975271797,3.20671498614368,NaN,NaN,NaN,NaN,NaN,NaN,NaN,2522500,301150,1.265632,1,0,0,1,0.1961,0.4,0,MAT,NH4,C,NaN
28.863339070568,10.3614497170222,2.56855681091452,3.08136857812833,NaN,NaN,NaN,NaN,NaN,NaN,NaN,2646000,119660,0.954096,1,0,0,1,0.1961,0.4,0,MAT,NH4,C,NaN
23.5098106712565,9.66575968654767,2.31632914090812,2.89718610104455,NaN,NaN,NaN,NaN,NaN,NaN,NaN,NaN,NaN,0,0,0,0,NaN,0.1961,0.4,0,MAT,NH4,C,NaN
32.8289156626506,12.7442098389203,2.59567256448518,3.12195693881902,NaN,NaN,NaN,NaN,NaN,NaN,NaN,2554600,195070,10.20352,2,0,0,3,0.1961,0.4,0,MAT,NH4,C,NaN
11.3927710843374,5.98548106225512,1.75798337241526,2.2482839479855,NaN,NaN,NaN,NaN,NaN,NaN,NaN,NaN,NaN,0,0,0,0,NaN,0.1961,0.4,0,MAT,NH4,C,NaN
21.9676419965577,8.97128863735307,2.78377744617352,3.47974845448732,NaN,NaN,NaN,NaN,NaN,NaN,NaN,1832500,107280,8.13968,2,0,0,3,0.1961,0.4,0,MAT,NH4,C,NaN
29.8106712564544,14.5521332172399,1.93585589426561,2.62824557663611,NaN,NaN,NaN,NaN,NaN,NaN,NaN,2536900,185710,8.5984,2,0,0,3,0.1961,0.4,0,MAT,NH4,C,NaN
-2.02409638554217,-2.89497170222029,-0.48784907269239,-0.48784907269239,NaN,NaN,NaN,NaN,NaN,NaN,NaN,0,0,0,0,0,0,NaN,0.1961,0.4,0,MAT,NH4,C,NaN
0.619621342512909,-0.039769264257727,1.03822212747815,1.50268599445747,NaN,NaN,NaN,NaN,NaN,NaN,NaN,660550,191570,1.131392,1,0,0,1,0.1961,0.4,0,MAT,NH4,C,NaN
25.1401032702238,9.30407052677405,2.45003197612449,2.92174376465572,NaN,NaN,NaN,NaN,NaN,NaN,NaN,2079300,285710,1.336896,1,0,0,1,0.1961,0.4,0,MAT,NH4,C,NaN
16.8564543889845,6.81404005224206,2.18211468769985,2.69833724152633,NaN,NaN,NaN,NaN,NaN,NaN,NaN,1146400,140930,1.249008,1,0,0,1,0.1961,0.4,0,MAT,NH4,C,NaN
24.4351118760757,11.2939703961689,2.07518652739288,2.65860157748881,NaN,NaN,NaN,NaN,NaN,NaN,NaN,2114600,53107,0.821856,1,0,0,1,0.1961,0.4,0,MAT,NH4,C,NaN
34.1067125645439,11.7974096647801,2.75512683862716,3.20961415476444,NaN,NaN,NaN,NaN,NaN,NaN,NaN,NaN,NaN,0,0,0,0,NaN,0.1961,0.4,0,MAT,NH4,C,NaN
22.0117039586919,8.79314323030039,2.34907269238968,2.80816457045406,NaN,NaN,NaN,NaN,NaN,NaN,NaN,2115400,257310,1.32872,1,0,0,1,0.1961,0.4,0,MAT,NH4,C,NaN
-2.02409638554217,-2.89497170222029,-0.48784907269239,-0.48784907269239,NaN,NaN,NaN,NaN,NaN,NaN,NaN,0,0,0,0,0,0,NaN,0.1961,0.4,0,MAT,NH4,C,NaN
28.2024096385542,12.3609272964737,2.20104455340013,2.85131102110424,NaN,NaN,NaN,NaN,NaN,NaN,NaN,2118000,73108,0.968816,1,0,0,1,0.1961,0.4,0,MAT,NH4,C,NaN
-2.02409638554217,-2.89497170222029,-0.48784907269239,-0.48784907269239,NaN,NaN,NaN,NaN,NaN,NaN,NaN,0,0,0,0,0,0,NaN,0.1961,0.4,0,MAT,NH4,C,NaN
24.3469879518072,9.48865912059208,2.48908548283948,3.04470262204221,NaN,NaN,NaN,NaN,NaN,NaN,NaN,3880600,643720,1.302912,1,0,0,1,0.1961,0.4,0,MAT,NH4,C,NaN
13.0010327022375,7.55448410970832,1.561010445534,2.23583457684929,NaN,NaN,NaN,NaN,NaN,NaN,NaN,3379100,879050,1.41952,1,0,0,1,0.1961,0.4,0,MAT,NH4,C,NaN
19.8967297762479,8.43876795820636,2.23157109358346,2.64990407162652,NaN,NaN,NaN,NaN,NaN,NaN,NaN,NaN,NaN,0,0,0,0,NaN,0.1961,0.4,0,MAT,NH4,C,NaN
22.2540447504303,10.810731388768,1.92664677041143,2.52660413557877,NaN,NaN,NaN,NaN,NaN,NaN,NaN,1835700,139230,1.243488,1,0,0,1,0.1961,0.4,0,MAT,NH4,C,NaN
26.4399311531842,10.4800391815411,2.48516307823492,2.96574291195907,NaN,NaN,NaN,NaN,NaN,NaN,NaN,2823500,374150,1.373808,1,0,0,1,0.1961,0.4,0,MAT,NH4,C,NaN
22.5845094664372,8.25835872877667,2.48806224685568,2.90997655084204,NaN,NaN,NaN,NaN,NaN,NaN,NaN,1787700,135590,1.183984,1,0,0,1,0.1961,0.4,0,MAT,NH4,C,NaN
3.50567986230637,2.78043099695255,1.10896184182477,1.9517160520145,NaN,NaN,NaN,NaN,NaN,NaN,NaN,3376700,236420,2.59344,2,1,0,4,0.1961,0.4,0,MAT,NH4,C,NaN
25.360413080895,9.41865476708751,2.70976337667875,3.19460669366873,NaN,NaN,NaN,NaN,NaN,NaN,NaN,2113500,210180,1.462048,1,0,0,1,0.1961,0.4,0,MAT,NH4,C,NaN
35.3624784853701,13.9109490639965,2.51910040503091,3.31927094436154,NaN,NaN,NaN,NaN,NaN,NaN,NaN,NaN,NaN,0,0,0,0,NaN,0.1961,0.4,0,MAT,NH4,C,NaN
18.5969018932874,8.77868959512408,2.08064378597314,2.68230654444681,NaN,NaN,NaN,NaN,NaN,NaN,NaN,1972700,310560,1.451424,1,0,0,1,0.1961,0.4,0,MAT,NH4,C,NaN
35.8912220309811,14.5364606007836,2.50750373054786,2.97171178853123,NaN,NaN,NaN,NaN,NaN,NaN,NaN,2672000,54150,0.796448,1,0,0,1,0.1961,0.4,0,MAT,NH4,C,NaN
-2.02409638554217,-2.89497170222029,-0.48784907269239,-0.48784907269239,NaN,NaN,NaN,NaN,NaN,NaN,NaN,0,0,0,0,0,0,NaN,0.1961,0.4,0,MAT,NH4,C,NaN
-2.02409638554217,-2.89497170222029,-0.48784907269239,-0.48784907269239,NaN,NaN,NaN,NaN,NaN,NaN,NaN,0,0,0,0,0,0,NaN,0.1961,0.4,0,MAT,NH4,C,NaN
-2.02409638554217,-2.89497170222029,-0.48784907269239,-0.48784907269239,NaN,NaN,NaN,NaN,NaN,NaN,NaN,0,0,0,0,0,0,NaN,0.1961,0.4,0,MAT,NH4,C,NaN
21.6371772805508,9.94177187636047,1.94779364740993,2.68401193775314,NaN,NaN,NaN,NaN,NaN,NaN,NaN,2094000,177440,1.360048,1,0,0,1,0.1961,0.4,0,MAT,NH4,C,NaN
-2.02409638554217,-2.89497170222029,-0.48784907269239,-0.48784907269239,NaN,NaN,NaN,NaN,NaN,NaN,NaN,0,0,0,0,0,0,NaN,0.1961,0.4,0,MAT,NH4,C,NaN
-2.02409638554217,-2.89497170222029,-0.48784907269239,-0.48784907269239,NaN,NaN,NaN,NaN,NaN,NaN,NaN,0,0,0,0,0,0,NaN,0.1961,0.4,0,MAT,NH4,C,NaN
33.0051635111876,11.7152154984763,2.76535919846515,3.46439991473033,NaN,NaN,NaN,NaN,NaN,NaN,NaN,NaN,NaN,0,0,0,0,NaN,0.1961,0.4,0,MAT,NH4,C,NaN
38.5790017211704,14.436852416195,2.6637177574078,3.51846088254104,NaN,NaN,NaN,NaN,NaN,NaN,NaN,NaN,NaN,0,0,0,0,NaN,0.1961,0.4,0,MAT,NH4,C,NaN
31.6392426850258,11.9759033521985,2.60846301428267,3.02167981240674,NaN,NaN,NaN,NaN,NaN,NaN,NaN,NaN,NaN,0,0,0,0,NaN,0.1961,0.4,0,MAT,NH4,C,NaN
-2.02409638554217,-2.89497170222029,-0.48784907269239,-0.48784907269239,NaN,NaN,NaN,NaN,NaN,NaN,NaN,0,0,0,0,0,0,NaN,0.1961,0.4,0,MAT,NH4,C,NaN
-2.02409638554217,-2.89497170222029,-0.48784907269239,-0.48784907269239,NaN,NaN,NaN,NaN,NaN,NaN,NaN,0,0,0,0,0,0,NaN,0.1961,0.4,0,MAT,NH4,C,NaN
26.7263339070568,10.346821941663,2.54502238328715,3.09501172457898,NaN,NaN,NaN,NaN,NaN,NaN,NaN,2614600,379660,1.430224,1,0,0,1,0.1961,0.4,0,MAT,NH4,C,NaN
35.5827882960413,13.1497823247714,2.60232359837988,3.06499680238755,NaN,NaN,NaN,NaN,NaN,NaN,NaN,NaN,NaN,0,0,0,0,NaN,0.1961,0.4,0,MAT,NH4,C,NaN
21.1965576592083,6.99671310404876,2.74267746749094,3.25600085269665,NaN,NaN,NaN,NaN,NaN,NaN,NaN,2002700,379450,1.295424,1,0,0,1,0.1961,0.4,0,MAT,NH4,C,NaN
28.2024096385542,13.5454288202003,2.02641227883181,2.43638882967384,NaN,NaN,NaN,NaN,NaN,NaN,NaN,3489700,253280,9.79728,2,0,0,3,0.1961,0.4,0,MAT,NH4,C,NaN
21.9456110154905,10.2062908141054,2.21809848646344,2.97034747388616,NaN,NaN,NaN,NaN,NaN,NaN,NaN,2212600,284110,1.406304,1,0,0,1,0.1961,0.4,0,MAT,NH4,C,NaN
26.8585197934596,11.7742490204615,2.17512257514389,2.63148582391814,NaN,NaN,NaN,NaN,NaN,NaN,NaN,1798000,124430,1.151984,1,0,0,1,0.1961,0.4,0,MAT,NH4,C,NaN
34.4371772805508,15.3061602089682,2.16523129396717,2.47714772969516,NaN,NaN,NaN,NaN,NaN,NaN,NaN,NaN,NaN,0,0,0,0,NaN,0.1961,0.4,0,MAT,NH4,C,NaN
17.825817555938,8.44886808881149,2.07314005542528,2.39682370496696,NaN,NaN,NaN,NaN,NaN,NaN,NaN,1415700,152240,1.363648,1,0,0,1,0.1961,0.4,0,MAT,NH4,C,NaN
15.2702237521515,6.28186765346104,2.11475165209977,2.61460243018546,NaN,NaN,NaN,NaN,NaN,NaN,NaN,NaN,NaN,0,0,0,0,NaN,0.1961,0.4,0,MAT,NH4,C,NaN
28.5989672977625,13.3199172834131,2.15227030483905,2.62159454274142,NaN,NaN,NaN,NaN,NaN,NaN,NaN,1997500,115340,1.314656,1,0,0,1,0.1961,0.4,0,MAT,NH4,C,NaN
33.7542168674699,14.0713321723988,2.48686847154125,3.22564485184396,NaN,NaN,NaN,NaN,NaN,NaN,NaN,NaN,NaN,0,0,0,0,NaN,0.1961,0.4,0,MAT,NH4,C,NaN
34.2388984509466,11.7658902916848,2.90707738222127,3.47241526327009,NaN,NaN,NaN,NaN,NaN,NaN,NaN,2046100,96057,1.217632,1,0,0,1,0.1961,0.4,0,MAT,NH4,C,NaN
-2.02409638554217,-2.89497170222029,-0.48784907269239,-0.48784907269239,NaN,NaN,NaN,NaN,NaN,NaN,NaN,0,0,0,0,0,0,NaN,0.1961,0.4,0,MAT,NH4,C,NaN
37.0148020654045,13.6244884632129,2.65808995949691,3.48605840972074,NaN,NaN,NaN,NaN,NaN,NaN,NaN,NaN,NaN,0,0,0,0,NaN,0.1961,0.4,0,MAT,NH4,C,NaN
13.44165232358,6.22544623421855,1.80198251971861,2.40995523342571,NaN,NaN,NaN,NaN,NaN,NaN,NaN,1896600,290400,1.16848,1,0,0,1,0.1961,0.4,0,MAT,NH4,C,NaN
-2.02409638554217,-2.89497170222029,-0.48784907269239,-0.48784907269239,NaN,NaN,NaN,NaN,NaN,NaN,NaN,0,0,0,0,0,0,NaN,0.1961,0.4,0,MAT,NH4,C,NaN
13.089156626506,6.14238136700044,2.01873800895331,2.58850991259859,NaN,NaN,NaN,NaN,NaN,NaN,NaN,1514400,279430,1.446112,1,0,0,1,0.1961,0.4,0,MAT,NH4,C,NaN
20.8660929432014,10.141684806269,1.95103389469196,2.42513323385206,NaN,NaN,NaN,NaN,NaN,NaN,NaN,NaN,NaN,0,0,0,0,NaN,0.1961,0.4,0,MAT,NH4,C,NaN
25.1621342512909,9.81656508489334,2.73841398422511,3.65165209976551,NaN,NaN,NaN,NaN,NaN,NaN,NaN,2148800,298160,1.506,1,0,0,1,0.1961,0.4,0,MAT,NH4,C,NaN
-2.02409638554217,-2.89497170222029,-0.48784907269239,-0.48784907269239,NaN,NaN,NaN,NaN,NaN,NaN,NaN,0,0,0,0,0,0,NaN,0.1961,0.4,0,MAT,NH4,C,NaN
31.7934595524957,12.3955811928603,2.48993817949265,3.12741419739928,NaN,NaN,NaN,NaN,NaN,NaN,NaN,NaN,NaN,0,0,0,0,NaN,0.1961,0.4,0,MAT,NH4,C,NaN
15.534595524957,6.13907270352634,2.19831592411,2.61630782349179,NaN,NaN,NaN,NaN,NaN,NaN,NaN,1648200,299230,1.550144,1,0,0,1,0.1961,0.4,0,MAT,NH4,C,NaN
-2.02409638554217,-2.89497170222029,-0.48784907269239,-0.48784907269239,NaN,NaN,NaN,NaN,NaN,NaN,NaN,0,0,0,0,0,0,NaN,0.1961,0.4,0,MAT,NH4,C,NaN
-2.02409638554217,-2.89497170222029,-0.48784907269239,-0.48784907269239,NaN,NaN,NaN,NaN,NaN,NaN,NaN,0,0,0,0,0,0,NaN,0.1961,0.4,0,MAT,NH4,C,NaN
25.1621342512909,9.89370918589465,2.42138136857813,3.08836069068429,NaN,NaN,NaN,NaN,NaN,NaN,NaN,NaN,NaN,0,0,0,0,NaN,0.1961,0.4,0,MAT,NH4,C,NaN
14.0364888123924,11.3524814976056,1.0911916435728,1.85723726284374,NaN,NaN,NaN,NaN,NaN,NaN,NaN,4288300,968680,1.230016,1,0,0,1,0.1961,0.4,0,MAT,NH4,C,NaN
-2.02409638554217,-2.89497170222029,-0.48784907269239,-0.48784907269239,NaN,NaN,NaN,NaN,NaN,NaN,NaN,0,0,0,0,0,0,NaN,0.1961,0.4,0,MAT,NH4,C,NaN
-2.02409638554217,-2.89497170222029,-0.48784907269239,-0.48784907269239,NaN,NaN,NaN,NaN,NaN,NaN,NaN,0,0,0,0,0,0,NaN,0.1961,0.4,0,MAT,NH4,C,NaN
-2.02409638554217,-2.89497170222029,-0.48784907269239,-0.48784907269239,NaN,NaN,NaN,NaN,NaN,NaN,NaN,0,0,0,0,0,0,NaN,0.1961,0.4,0,MAT,NH4,C,NaN
1.54492254733219,2.47011319111885,0.518418247708378,0.974559795352803,NaN,NaN,NaN,NaN,NaN,NaN,NaN,2604300,902010,1.281472,1,0,0,1,0.1961,0.4,0,MAT,NH4,C,NaN
35.9132530120482,13.7812146277754,2.45548923470475,3.02219143039864,NaN,NaN,NaN,NaN,NaN,NaN,NaN,2866400,233570,1.266672,1,0,1,2,0.1961,0.4,0,MAT,NH4,C,NaN
30.2292598967298,13.267675228559,2.06461308889363,2.5818588787039,NaN,NaN,NaN,NaN,NaN,NaN,NaN,2870300,161520,9.49472,2,0,0,3,0.1961,0.4,0,MAT,NH4,C,NaN
25.2282271944923,10.7516978667828,2.20223832871456,2.73108079300789,NaN,NaN,NaN,NaN,NaN,NaN,NaN,1048200,262680,1.237632,1,0,0,1,0.1961,0.4,0,MAT,NH4,C,NaN
23.7521514629948,9.40280801044841,2.41575357066723,2.93265828181624,NaN,NaN,NaN,NaN,NaN,NaN,NaN,3695000,647200,1.420496,1,0,0,1,0.1961,0.4,0,MAT,NH4,C,NaN
-2.02409638554217,-2.89497170222029,-0.48784907269239,-0.48784907269239,NaN,NaN,NaN,NaN,NaN,NaN,NaN,0,0,0,0,0,0,NaN,0.1961,0.4,0,MAT,NH4,C,NaN
29.6784853700516,10.1495211144972,2.85114048177361,3.74954167554892,NaN,NaN,NaN,NaN,NaN,NaN,NaN,NaN,NaN,0,0,0,0,NaN,0.1961,0.4,0,MAT,NH4,C,NaN
-2.02409638554217,-2.89497170222029,-0.48784907269239,-0.48784907269239,NaN,NaN,NaN,NaN,NaN,NaN,NaN,0,0,0,0,0,0,NaN,0.1961,0.4,0,MAT,NH4,C,NaN
35.4065404475043,13.1621462777536,2.71402685994457,3.17533574930718,NaN,NaN,NaN,NaN,NaN,NaN,NaN,NaN,NaN,0,0,0,0,NaN,0.1961,0.4,0,MAT,NH4,C,NaN
-2.02409638554217,-2.89497170222029,-0.48784907269239,-0.48784907269239,NaN,NaN,NaN,NaN,NaN,NaN,NaN,0,0,0,0,0,0,NaN,0.1961,0.4,0,MAT,NH4,C,NaN
-2.02409638554217,-2.89497170222029,-0.48784907269239,-0.48784907269239,NaN,NaN,NaN,NaN,NaN,NaN,NaN,0,0,0,0,0,0,NaN,0.1961,0.4,0,MAT,NH4,C,NaN
-2.02409638554217,-2.89497170222029,-0.48784907269239,-0.48784907269239,NaN,NaN,NaN,NaN,NaN,NaN,NaN,0,0,0,0,0,0,NaN,0.1961,0.4,0,MAT,NH4,C,NaN
-2.02409638554217,-2.89497170222029,-0.48784907269239,-0.48784907269239,NaN,NaN,NaN,NaN,NaN,NaN,NaN,0,0,0,0,0,0,NaN,0.1961,0.4,0,MAT,NH4,C,NaN
38.6230636833047,14.9317588158468,2.46572159454274,3.55052227670006,NaN,NaN,NaN,NaN,NaN,NaN,NaN,NaN,NaN,0,0,0,0,NaN,0.1961,0.4,0,MAT,NH4,C,NaN
27.9160068846816,11.5013713539399,2.53547218077169,3.09125985930505,NaN,NaN,NaN,NaN,NaN,NaN,NaN,2138500,170220,1.27008,1,0,0,1,0.1961,0.4,0,MAT,NH4,C,NaN
-2.02409638554217,-2.89497170222029,-0.48784907269239,-0.48784907269239,NaN,NaN,NaN,NaN,NaN,NaN,NaN,0,0,0,0,0,0,NaN,0.1961,0.4,0,MAT,NH4,C,NaN
18.8172117039587,8.39000870700914,2.3640801534854,2.83835003197612,NaN,NaN,NaN,NaN,NaN,NaN,NaN,1915000,280380,1.341984,1,0,0,1,0.1961,0.4,0,MAT,NH4,C,NaN
-2.02409638554217,-2.89497170222029,-0.48784907269239,-0.48784907269239,NaN,NaN,NaN,NaN,NaN,NaN,NaN,0,0,0,0,0,0,NaN,0.1961,0.4,0,MAT,NH4,C,NaN
23.8182444061962,9.79479756203744,2.20581965465786,2.90741846088254,NaN,NaN,NaN,NaN,NaN,NaN,NaN,1496100,71468,1.300928,1,0,0,1,0.1961,0.4,0,MAT,NH4,C,NaN
30.4055077452668,12.70015237266,2.3337241526327,2.58407589000213,NaN,NaN,NaN,NaN,NaN,NaN,NaN,2188900,171240,1.359696,1,0,0,1,0.1961,0.4,0,MAT,NH4,C,NaN
34.1948364888124,12.9150413582934,2.66030697079514,3.41477296951609,NaN,NaN,NaN,NaN,NaN,NaN,NaN,3201900,238330,8.0312,2,1,0,4,0.1961,0.4,0,MAT,NH4,C,NaN
30.4275387263339,10.6263169351328,2.73363888296738,3.11377105094862,NaN,NaN,NaN,NaN,NaN,NaN,NaN,NaN,NaN,0,0,0,0,NaN,0.1961,0.4,0,MAT,NH4,C,NaN
31.3969018932874,11.1825206791467,2.72494137710509,3.21080793007887,NaN,NaN,NaN,NaN,NaN,NaN,NaN,3275600,443130,1.454336,1,0,0,1,0.1961,0.4,0,MAT,NH4,C,NaN
26.9907056798623,9.16336525903352,2.88422511191644,3.42824557663611,NaN,NaN,NaN,NaN,NaN,NaN,NaN,1949900,169840,1.14504,1,0,0,1,0.1961,0.4,0,MAT,NH4,C,NaN
18.1342512908778,8.095015237266,2.0850778085696,2.51944148369218,NaN,NaN,NaN,NaN,NaN,NaN,NaN,1590600,196040,1.528592,1,0,0,1,0.1961,0.4,0,MAT,NH4,C,NaN
29.6123924268503,14.112080975185,2.05011724578981,2.72494137710509,NaN,NaN,NaN,NaN,NaN,NaN,NaN,NaN,NaN,0,0,0,0,NaN,0.1961,0.4,0,MAT,NH4,C,NaN
36.7724612736661,14.3574444928167,2.53257301215093,3.07727563419314,NaN,NaN,NaN,NaN,NaN,NaN,NaN,4051700,435790,1.381872,1,0,0,1,0.1961,0.4,0,MAT,NH4,C,NaN
-2.02409638554217,-2.89497170222029,-0.48784907269239,-0.48784907269239,NaN,NaN,NaN,NaN,NaN,NaN,NaN,0,0,0,0,0,0,NaN,0.1961,0.4,0,MAT,NH4,C,NaN
-2.02409638554217,-2.89497170222029,-0.48784907269239,-0.48784907269239,NaN,NaN,NaN,NaN,NaN,NaN,NaN,0,0,0,0,0,0,NaN,0.1961,0.4,0,MAT,NH4,C,NaN
20.2051635111876,7.82022202873313,2.5242165849499,3.48981027499467,NaN,NaN,NaN,NaN,NaN,NaN,NaN,2311900,381100,1.390848,1,0,0,1,0.1961,0.4,0,MAT,NH4,C,NaN
35.1421686746988,13.9412494558119,2.49914730334683,3.12758473672991,NaN,NaN,NaN,NaN,NaN,NaN,NaN,2953100,171490,8.31408,2,0,0,3,0.1961,0.4,0,MAT,NH4,C,NaN
-2.02409638554217,-2.89497170222029,-0.48784907269239,-0.48784907269239,NaN,NaN,NaN,NaN,NaN,NaN,NaN,0,0,0,0,0,0,NaN,0.1961,0.4,0,MAT,NH4,C,NaN
-2.02409638554217,-2.89497170222029,-0.48784907269239,-0.48784907269239,NaN,NaN,NaN,NaN,NaN,NaN,NaN,0,0,0,0,0,0,NaN,0.1961,0.4,0,MAT,NH4,C,NaN
-2.02409638554217,-2.89497170222029,-0.48784907269239,-0.48784907269239,NaN,NaN,NaN,NaN,NaN,NaN,NaN,0,0,0,0,0,0,NaN,0.1961,0.4,0,MAT,NH4,C,NaN
-2.02409638554217,-2.89497170222029,-0.48784907269239,-0.48784907269239,NaN,NaN,NaN,NaN,NaN,NaN,NaN,0,0,0,0,0,0,NaN,0.1961,0.4,0,MAT,NH4,C,NaN
-2.02409638554217,-2.89497170222029,-0.48784907269239,-0.48784907269239,NaN,NaN,NaN,NaN,NaN,NaN,NaN,0,0,0,0,0,0,NaN,0.1961,0.4,0,MAT,NH4,C,NaN
31.7714285714286,11.7550936003483,2.6637177574078,3.55785546791729,NaN,NaN,NaN,NaN,NaN,NaN,NaN,2472200,183400,8.14912,2,1,0,4,0.1961,0.4,0,MAT,NH4,C,NaN
-2.02409638554217,-2.89497170222029,-0.48784907269239,-0.48784907269239,NaN,NaN,NaN,NaN,NaN,NaN,NaN,0,0,0,0,0,0,NaN,0.1961,0.4,0,MAT,NH4,C,NaN
-2.02409638554217,-2.89497170222029,-0.48784907269239,-0.48784907269239,NaN,NaN,NaN,NaN,NaN,NaN,NaN,0,0,0,0,0,0,NaN,0.1961,0.4,0,MAT,NH4,C,NaN
-2.02409638554217,-2.89497170222029,-0.48784907269239,-0.48784907269239,NaN,NaN,NaN,NaN,NaN,NaN,NaN,0,0,0,0,0,0,NaN,0.1961,0.4,0,MAT,NH4,C,NaN
-2.02409638554217,-2.89497170222029,-0.48784907269239,-0.48784907269239,NaN,NaN,NaN,NaN,NaN,NaN,NaN,0,0,0,0,0,0,NaN,0.1961,0.4,0,MAT,NH4,C,NaN
19.6764199655766,7.21700043535046,2.51483692176508,2.95687486676615,NaN,NaN,NaN,NaN,NaN,NaN,NaN,4304200,680720,8.6288,2,0,0,3,0.1961,0.4,0,MAT,NH4,C,NaN
-2.02409638554217,-2.89497170222029,-0.48784907269239,-0.48784907269239,NaN,NaN,NaN,NaN,NaN,NaN,NaN,0,0,0,0,0,0,NaN,0.1961,0.4,0,MAT,NH4,C,NaN
-2.02409638554217,-2.89497170222029,-0.48784907269239,-0.48784907269239,NaN,NaN,NaN,NaN,NaN,NaN,NaN,0,0,0,0,0,0,NaN,0.1961,0.4,0,MAT,NH4,C,NaN
-2.02409638554217,-2.89497170222029,-0.48784907269239,-0.48784907269239,NaN,NaN,NaN,NaN,NaN,NaN,NaN,0,0,0,0,0,0,NaN,0.1961,0.4,0,MAT,NH4,C,NaN
15.0939759036145,6.68918154114062,2.13282882114688,2.58765721594543,NaN,NaN,NaN,NaN,NaN,NaN,NaN,NaN,NaN,0,0,0,0,NaN,0.1961,0.4,0,MAT,NH4,C,NaN
-2.02409638554217,-2.89497170222029,-0.48784907269239,-0.48784907269239,NaN,NaN,NaN,NaN,NaN,NaN,NaN,0,0,0,0,0,0,NaN,0.1961,0.4,0,MAT,NH4,C,NaN
29.3700516351119,10.3830430996953,2.90554252824558,3.60560648049456,NaN,NaN,NaN,NaN,NaN,NaN,NaN,NaN,NaN,0,0,0,0,NaN,0.1961,0.4,0,MAT,NH4,C,NaN
19.7204819277108,8.41055724858511,2.11270518013217,2.70942229801748,NaN,NaN,NaN,NaN,NaN,NaN,NaN,NaN,NaN,0,0,0,0,NaN,0.1961,0.4,0,MAT,NH4,C,NaN
31.8595524956971,10.6963212886374,2.89616286506075,3.42005968876572,NaN,NaN,NaN,NaN,NaN,NaN,NaN,NaN,NaN,0,0,0,0,NaN,0.1961,0.4,0,MAT,NH4,C,NaN
30.6698795180723,11.5898345668263,2.54331698998081,3.1903432104029,NaN,NaN,NaN,NaN,NaN,NaN,NaN,NaN,NaN,0,0,0,0,NaN,0.1961,0.4,0,MAT,NH4,C,NaN
-2.02409638554217,-2.89497170222029,-0.48784907269239,-0.48784907269239,NaN,NaN,NaN,NaN,NaN,NaN,NaN,0,0,0,0,0,0,NaN,0.1961,0.4,0,MAT,NH4,C,NaN
13.7060240963855,6.85861993905094,1.95529737795779,2.55133233852057,NaN,NaN,NaN,NaN,NaN,NaN,NaN,NaN,NaN,0,0,0,0,NaN,0.1961,0.4,0,MAT,NH4,C,NaN
20.976247848537,8.19044405746626,2.68315924109998,3.33649541675549,NaN,NaN,NaN,NaN,NaN,NaN,NaN,NaN,NaN,0,0,0,0,NaN,0.1961,0.4,0,MAT,NH4,C,NaN
23.6860585197935,9.35161079669134,2.52387550628864,3.16271583884033,NaN,NaN,NaN,NaN,NaN,NaN,NaN,2222800,275840,1.347648,1,0,0,1,0.1961,0.4,0,MAT,NH4,C,NaN
-2.02409638554217,-2.89497170222029,-0.48784907269239,-0.48784907269239,NaN,NaN,NaN,NaN,NaN,NaN,NaN,0,0,0,0,0,0,NaN,0.1961,0.4,0,MAT,NH4,C,NaN
-2.02409638554217,-2.89497170222029,-0.48784907269239,-0.48784907269239,NaN,NaN,NaN,NaN,NaN,NaN,NaN,0,0,0,0,0,0,NaN,0.1961,0.4,0,MAT,NH4,C,NaN
-2.02409638554217,-2.89497170222029,-0.48784907269239,-0.48784907269239,NaN,NaN,NaN,NaN,NaN,NaN,NaN,0,0,0,0,0,0,NaN,0.1961,0.4,0,MAT,NH4,C,NaN
28.0922547332186,12.6296255986069,2.14391387763803,2.76604135578768,NaN,NaN,NaN,NaN,NaN,NaN,NaN,2343100,173940,1.153696,1,0,0,1,0.1961,0.4,0,MAT,NH4,C,NaN
25.0740103270224,9.44146713104049,2.5854402046472,3.11018972500533,NaN,NaN,NaN,NaN,NaN,NaN,NaN,2133500,218610,1.323952,1,0,0,1,0.1961,0.4,0,MAT,NH4,C,NaN
25.2061962134251,9.09005224205485,2.78224259219783,3.6310168407589,NaN,NaN,NaN,NaN,NaN,NaN,NaN,2190300,240680,1.248752,1,0,0,1,0.1961,0.4,0,MAT,NH4,C,NaN
24.1927710843374,10.1639747496735,2.28529098273289,3.01707525047964,NaN,NaN,NaN,NaN,NaN,NaN,NaN,NaN,NaN,0,0,0,0,NaN,0.1961,0.4,0,MAT,NH4,C,NaN
37.7197934595525,13.5398563343492,2.80407162651887,3.40095928373481,NaN,NaN,NaN,NaN,NaN,NaN,NaN,NaN,NaN,0,0,0,0,NaN,0.1961,0.4,0,MAT,NH4,C,NaN
32.0578313253012,11.6183935568132,2.68418247708378,3.27748880835643,NaN,NaN,NaN,NaN,NaN,NaN,NaN,NaN,NaN,0,0,0,0,NaN,0.1961,0.4,0,MAT,NH4,C,NaN
-2.02409638554217,-2.89497170222029,-0.48784907269239,-0.48784907269239,NaN,NaN,NaN,NaN,NaN,NaN,NaN,0,0,0,0,0,0,NaN,0.1961,0.4,0,MAT,NH4,C,NaN
41.9277108433735,14.6200478885503,2.77405670432744,3.22547431251332,NaN,NaN,NaN,NaN,NaN,NaN,NaN,1102300,122410,4.34208,2,0,1,3,0.1961,0.4,0,MAT,NH4,C,NaN
25.9332185886403,10.4542664344798,2.58322319334897,2.9411852483479,NaN,NaN,NaN,NaN,NaN,NaN,NaN,1950500,154830,1.247776,1,0,0,1,0.1961,0.4,0,MAT,NH4,C,NaN
42.6327022375215,16.4659338267305,2.57759539543807,2.99695160946493,NaN,NaN,NaN,NaN,NaN,NaN,NaN,3203000,123080,9.39584,2,0,0,3,0.1961,0.4,0,MAT,NH4,C,NaN
19.390017211704,11.0813452329125,1.73274355148156,2.3893199744191,NaN,NaN,NaN,NaN,NaN,NaN,NaN,1908400,135210,0.959872,1,0,0,1,0.1961,0.4,0,MAT,NH4,C,NaN
35.4946643717728,13.5402046147148,2.46520997655084,3.0781283308463,NaN,NaN,NaN,NaN,NaN,NaN,NaN,4699000,458650,8.7984,2,1,0,4,0.1961,0.4,0,MAT,NH4,C,NaN
-2.02409638554217,-2.89497170222029,-0.48784907269239,-0.48784907269239,NaN,NaN,NaN,NaN,NaN,NaN,NaN,0,0,0,0,0,0,NaN,0.1961,0.4,0,MAT,NH4,C,NaN
-2.02409638554217,-2.89497170222029,-0.48784907269239,-0.48784907269239,NaN,NaN,NaN,NaN,NaN,NaN,NaN,0,0,0,0,0,0,NaN,0.1961,0.4,0,MAT,NH4,C,NaN
-2.02409638554217,-2.89497170222029,-0.48784907269239,-0.48784907269239,NaN,NaN,NaN,NaN,NaN,NaN,NaN,0,0,0,0,0,0,NaN,0.1961,0.4,0,MAT,NH4,C,NaN
23.8843373493976,10.2468654767088,2.29654657855468,2.97273502451503,NaN,NaN,NaN,NaN,NaN,NaN,NaN,2245000,284360,1.281648,1,0,0,1,0.1961,0.4,0,MAT,NH4,C,NaN
-2.02409638554217,-2.89497170222029,-0.48784907269239,-0.48784907269239,NaN,NaN,NaN,NaN,NaN,NaN,NaN,0,0,0,0,0,0,NaN,0.1961,0.4,0,MAT,NH4,C,NaN
33.952495697074,12.5188724423161,2.70481773609039,3.41443189085483,NaN,NaN,NaN,NaN,NaN,NaN,NaN,3016100,177080,8.33344,2,0,0,3,0.1961,0.4,0,MAT,NH4,C,NaN
22.4302925989673,10.162233347845,2.08064378597314,2.58066510338947,NaN,NaN,NaN,NaN,NaN,NaN,NaN,2543500,405790,1.369328,1,0,0,1,0.1961,0.4,0,MAT,NH4,C,NaN
19.5001721170396,7.72949499346974,2.61392027286293,3.28993817949265,NaN,NaN,NaN,NaN,NaN,NaN,NaN,1573300,214430,1.215312,1,0,0,1,0.1961,0.4,0,MAT,NH4,C,NaN
24.2148020654045,10.5831301697867,2.27079513962908,2.78394798550416,NaN,NaN,NaN,NaN,NaN,NaN,NaN,2340600,297340,1.349296,1,0,0,1,0.1961,0.4,0,MAT,NH4,C,NaN
10.4674698795181,5.86010013060514,1.51837561287572,2.1411852483479,NaN,NaN,NaN,NaN,NaN,NaN,NaN,2189100,683830,1.480064,1,0,0,1,0.1961,0.4,0,MAT,NH4,C,NaN
29.4802065404475,11.8336308228124,2.50289916862076,3.52818162438712,NaN,NaN,NaN,NaN,NaN,NaN,NaN,1839000,123850,1.397488,1,0,0,1,0.1961,0.4,0,MAT,NH4,C,NaN
42.8530120481928,15.4942316064432,2.84824131315285,3.31500746109571,NaN,NaN,NaN,NaN,NaN,NaN,NaN,NaN,NaN,0,0,0,0,NaN,0.1961,0.4,0,MAT,NH4,C,NaN
25.2502581755594,10.44939050936,2.35094862502665,2.94050309102537,NaN,NaN,NaN,NaN,NaN,NaN,NaN,2136200,235120,1.445408,1,0,0,1,0.1961,0.4,0,MAT,NH4,C,NaN
31.4629948364888,11.3723334784502,2.8835429545939,3.6850778085696,NaN,NaN,NaN,NaN,NaN,NaN,NaN,1899100,106350,1.166496,1,0,0,1,0.1961,0.4,0,MAT,NH4,C,NaN
28.4447504302926,10.2392033086635,2.90673630356001,3.54335962481347,NaN,NaN,NaN,NaN,NaN,NaN,NaN,2089400,271180,1.72128,1,0,0,1,0.1961,0.4,0,MAT,NH4,C,NaN
-2.02409638554217,-2.89497170222029,-0.48784907269239,-0.48784907269239,NaN,NaN,NaN,NaN,NaN,NaN,NaN,0,0,0,0,0,0,NaN,0.1961,0.4,0,MAT,NH4,C,NaN
-2.02409638554217,-2.89497170222029,-0.48784907269239,-0.48784907269239,NaN,NaN,NaN,NaN,NaN,NaN,NaN,0,0,0,0,0,0,NaN,0.1961,0.4,0,MAT,NH4,C,NaN
26.7043029259897,8.94603831084023,2.90247282029418,3.47957791515668,NaN,NaN,NaN,NaN,NaN,NaN,NaN,2304800,196140,1.154208,1,0,0,1,0.1961,0.4,0,MAT,NH4,C,NaN
26.1314974182444,8.37259468872442,2.92037945001066,3.33001492219143,NaN,NaN,NaN,NaN,NaN,NaN,NaN,NaN,NaN,0,0,0,0,NaN,0.1961,0.4,0,MAT,NH4,C,NaN
20.4034423407917,8.7868741837179,2.2539117458964,2.70260072479216,NaN,NaN,NaN,NaN,NaN,NaN,NaN,NaN,NaN,0,0,0,0,NaN,0.1961,0.4,0,MAT,NH4,C,NaN
27.7397590361446,11.1281889420984,2.46026433596248,2.95551055212108,NaN,NaN,NaN,NaN,NaN,NaN,NaN,NaN,NaN,0,0,0,0,NaN,0.1961,0.4,0,MAT,NH4,C,NaN
32.4543889845095,10.6601001306051,2.91355787678533,3.41920699211256,NaN,NaN,NaN,NaN,NaN,NaN,NaN,NaN,NaN,0,0,0,0,NaN,0.1961,0.4,0,MAT,NH4,C,NaN
26.3518072289157,15.4036787113626,1.76037092304413,2.34515028778512,NaN,NaN,NaN,NaN,NaN,NaN,NaN,1669600,60096,1.032704,1,0,0,1,0.1961,0.4,0,MAT,NH4,C,NaN
29.5903614457831,10.7226164562473,2.88013216798124,3.52596461308889,NaN,NaN,NaN,NaN,NaN,NaN,NaN,NaN,NaN,0,0,0,0,NaN,0.1961,0.4,0,MAT,NH4,C,NaN
21.7253012048193,9.04912929908576,2.27727563419314,2.90537198891494,NaN,NaN,NaN,NaN,NaN,NaN,NaN,944790,327560,1.455968,1,0,0,1,0.1961,0.4,0,MAT,NH4,C,NaN
-2.02409638554217,-2.89497170222029,-0.48784907269239,-0.48784907269239,NaN,NaN,NaN,NaN,NaN,NaN,NaN,0,0,0,0,0,0,NaN,0.1961,0.4,0,MAT,NH4,C,NaN
32.3882960413081,12.5719851980845,2.79400980601151,3.43677254316777,NaN,NaN,NaN,NaN,NaN,NaN,NaN,2773700,301820,1.499072,1,0,0,1,0.1961,0.4,0,MAT,NH4,C,NaN
36.8385542168675,14.6496517196343,2.4413344702622,3.19392453634619,NaN,NaN,NaN,NaN,NaN,NaN,NaN,3167400,302730,1.372784,1,0,1,2,0.1961,0.4,0,MAT,NH4,C,NaN
-2.02409638554217,-2.89497170222029,-0.48784907269239,-0.48784907269239,NaN,NaN,NaN,NaN,NaN,NaN,NaN,0,0,0,0,0,0,NaN,0.1961,0.4,0,MAT,NH4,C,NaN
18.4647160068847,10.9958424031345,1.85774888083564,2.25374120656576,NaN,NaN,NaN,NaN,NaN,NaN,NaN,NaN,NaN,0,0,0,0,NaN,0.1961,0.4,0,MAT,NH4,C,NaN
30.1411359724613,14.8307575097954,2.10622468556811,2.59089746322746,NaN,NaN,NaN,NaN,NaN,NaN,NaN,NaN,NaN,0,0,0,0,NaN,0.1961,0.4,0,MAT,NH4,C,NaN
-2.02409638554217,-2.89497170222029,-0.48784907269239,-0.48784907269239,NaN,NaN,NaN,NaN,NaN,NaN,NaN,0,0,0,0,0,0,NaN,0.1961,0.4,0,MAT,NH4,C,NaN
-2.02409638554217,-2.89497170222029,-0.48784907269239,-0.48784907269239,NaN,NaN,NaN,NaN,NaN,NaN,NaN,0,0,0,0,0,0,NaN,0.1961,0.4,0,MAT,NH4,C,NaN
-2.02409638554217,-2.89497170222029,-0.48784907269239,-0.48784907269239,NaN,NaN,NaN,NaN,NaN,NaN,NaN,0,0,0,0,0,0,NaN,0.1961,0.4,0,MAT,NH4,C,NaN
34.9218588640275,14.5129516760993,2.35418887230868,3.26742698784907,NaN,NaN,NaN,NaN,NaN,NaN,NaN,2805300,159270,5.60304,2,0,0,3,0.1961,0.4,0,MAT,NH4,C,NaN
22.3201376936317,8.18539399216369,2.53666595608612,3.08375612875719,NaN,NaN,NaN,NaN,NaN,NaN,NaN,2871300,463280,1.234336,1,0,0,1,0.1961,0.4,0,MAT,NH4,C,NaN
31.5070567986231,13.010121898128,2.32963120869751,2.93777446173524,NaN,NaN,NaN,NaN,NaN,NaN,NaN,5144300,446120,8.1192,2,0,0,3,0.1961,0.4,0,MAT,NH4,C,NaN
-2.02409638554217,-2.89497170222029,-0.48784907269239,-0.48784907269239,NaN,NaN,NaN,NaN,NaN,NaN,NaN,0,0,0,0,0,0,NaN,0.1961,0.4,0,MAT,NH4,C,NaN
32.6746987951807,13.0010666086199,2.42155190790876,3.61140481773609,NaN,NaN,NaN,NaN,NaN,NaN,NaN,5057800,824960,1.416528,1,0,0,1,0.1961,0.4,0,MAT,NH4,C,NaN
27.4313253012048,13.1649325206791,1.85740780217438,2.15465785546792,NaN,NaN,NaN,NaN,NaN,NaN,NaN,NaN,NaN,0,0,0,0,NaN,0.1961,0.4,0,MAT,NH4,C,NaN
32.9611015490534,13.1032868959512,2.48038797697719,3.10831379236837,NaN,NaN,NaN,NaN,NaN,NaN,NaN,NaN,NaN,0,0,0,0,NaN,0.1961,0.4,0,MAT,NH4,C,NaN
24.3469879518072,10.5935785807575,2.39767640162012,2.93675122575144,NaN,NaN,NaN,NaN,NaN,NaN,NaN,NaN,NaN,0,0,0,0,NaN,0.1961,0.4,0,MAT,NH4,C,NaN
-2.02409638554217,-2.89497170222029,-0.48784907269239,-0.48784907269239,NaN,NaN,NaN,NaN,NaN,NaN,NaN,0,0,0,0,0,0,NaN,0.1961,0.4,0,MAT,NH4,C,NaN
20.3153184165232,7.97868959512408,2.59192069921126,3.17124280537199,NaN,NaN,NaN,NaN,NaN,NaN,NaN,2246500,303130,1.193696,1,0,0,1,0.1961,0.4,0,MAT,NH4,C,NaN
-2.02409638554217,-2.89497170222029,-0.48784907269239,-0.48784907269239,NaN,NaN,NaN,NaN,NaN,NaN,NaN,0,0,0,0,0,0,NaN,0.1961,0.4,0,MAT,NH4,C,NaN
42.2141135972461,19.5987157161515,2.12379023662332,2.79844382860797,NaN,NaN,NaN,NaN,NaN,NaN,NaN,11304000,1281900,1.128768,1,0,0,1,0.1961,0.4,0,MAT,NH4,C,NaN
20.1390705679862,8.18626469307793,2.53427840545726,3.1893199744191,NaN,NaN,NaN,NaN,NaN,NaN,NaN,NaN,NaN,0,0,0,0,NaN,0.1961,0.4,0,MAT,NH4,C,NaN
34.1067125645439,12.6594035698737,2.62159454274142,3.23041995310168,NaN,NaN,NaN,NaN,NaN,NaN,NaN,NaN,NaN,0,0,0,0,NaN,0.1961,0.4,0,MAT,NH4,C,NaN
30.1191049913941,11.1835655202438,2.67701982519719,3.14191004050309,NaN,NaN,NaN,NaN,NaN,NaN,NaN,NaN,NaN,0,0,0,0,NaN,0.1961,0.4,0,MAT,NH4,C,NaN
22.8488812392427,8.19357858075751,2.64274141973993,3.13201875932637,NaN,NaN,NaN,NaN,NaN,NaN,NaN,2039300,251060,1.35296,1,0,0,1,0.1961,0.4,0,MAT,NH4,C,NaN
11.6571428571429,6.21813234653897,1.77247921551908,2.46469835855894,NaN,NaN,NaN,NaN,NaN,NaN,NaN,2164200,480040,1.337456,1,0,0,1,0.1961,0.4,0,MAT,NH4,C,NaN
39.5263339070568,14.0777753591641,2.89462801108506,3.32762737156257,NaN,NaN,NaN,NaN,NaN,NaN,NaN,NaN,NaN,0,0,0,0,NaN,0.1961,0.4,0,MAT,NH4,C,NaN
22.6285714285714,8.61012189812799,2.63762523982093,3.06533788104882,NaN,NaN,NaN,NaN,NaN,NaN,NaN,2212800,365370,1.295424,1,0,0,1,0.1961,0.4,0,MAT,NH4,C,NaN
35.0320137693632,13.5017196343056,2.70788744404178,3.31517800042635,NaN,NaN,NaN,NaN,NaN,NaN,NaN,3200700,322580,1.344016,1,0,0,1,0.1961,0.4,0,MAT,NH4,C,NaN
22.2540447504303,8.19218545929473,2.79503304199531,3.50089533148582,NaN,NaN,NaN,NaN,NaN,NaN,NaN,NaN,NaN,0,0,0,0,NaN,0.1961,0.4,0,MAT,NH4,C,NaN
20.9542168674699,8.06384414453635,2.65655510552121,3.25173736943082,NaN,NaN,NaN,NaN,NaN,NaN,NaN,NaN,NaN,0,0,0,0,NaN,0.1961,0.4,0,MAT,NH4,C,NaN
24.831669535284,11.3220069656073,2.04568322319335,2.58322319334897,NaN,NaN,NaN,NaN,NaN,NaN,NaN,5777500,858560,7.3296,2,0,0,3,0.1961,0.4,0,MAT,NH4,C,NaN
-2.02409638554217,-2.89497170222029,-0.48784907269239,-0.48784907269239,NaN,NaN,NaN,NaN,NaN,NaN,NaN,0,0,0,0,0,0,NaN,0.1961,0.4,0,MAT,NH4,C,NaN
-2.02409638554217,-2.89497170222029,-0.48784907269239,-0.48784907269239,NaN,NaN,NaN,NaN,NaN,NaN,NaN,0,0,0,0,0,0,NaN,0.1961,0.4,0,MAT,NH4,C,NaN
36.7724612736661,13.6497387897257,2.68281816243871,3.45399701556171,NaN,NaN,NaN,NaN,NaN,NaN,NaN,3633500,187890,10.5992,2,0,0,3,0.1961,0.4,0,MAT,NH4,C,NaN
40.4736660929432,14.7402046147148,2.75563845661906,3.36565764229375,NaN,NaN,NaN,NaN,NaN,NaN,NaN,3671700,140850,8.76688,2,0,0,3,0.1961,0.4,0,MAT,NH4,C,NaN
16.944578313253,8.43511101436657,1.93346834363675,2.58919206992113,NaN,NaN,NaN,NaN,NaN,NaN,NaN,1633300,163690,1.554704,1,0,0,1,0.1961,0.4,0,MAT,NH4,C,NaN
-2.02409638554217,-2.89497170222029,-0.48784907269239,-0.48784907269239,NaN,NaN,NaN,NaN,NaN,NaN,NaN,0,0,0,0,0,0,NaN,0.1961,0.4,0,MAT,NH4,C,NaN
-2.02409638554217,-2.89497170222029,-0.48784907269239,-0.48784907269239,NaN,NaN,NaN,NaN,NaN,NaN,NaN,0,0,0,0,0,0,NaN,0.1961,0.4,0,MAT,NH4,C,NaN
-2.02409638554217,-2.89497170222029,-0.48784907269239,-0.48784907269239,NaN,NaN,NaN,NaN,NaN,NaN,NaN,0,0,0,0,0,0,NaN,0.1961,0.4,0,MAT,NH4,C,NaN
22.3862306368331,7.48744013931215,2.59157962054999,3.06857812833085,NaN,NaN,NaN,NaN,NaN,NaN,NaN,3386900,580000,1.425104,1,0,0,1,0.1961,0.4,0,MAT,NH4,C,NaN
1.0382099827883,3.31364823683065,0.213988488595182,0.556226817309742,NaN,NaN,NaN,NaN,NaN,NaN,NaN,264660,159750,1.320208,1,0,0,1,0.1961,0.4,0,MAT,NH4,C,NaN
25.712908777969,10.5479538528515,2.41473033468344,3.00257940737583,NaN,NaN,NaN,NaN,NaN,NaN,NaN,NaN,NaN,0,0,0,0,NaN,0.1961,0.4,0,MAT,NH4,C,NaN
21.6592082616179,9.08517631693514,2.34156896184182,2.81566830100192,NaN,NaN,NaN,NaN,NaN,NaN,NaN,1736700,196180,1.356464,1,0,0,1,0.1961,0.4,0,MAT,NH4,C,NaN
25.889156626506,11.1550065302569,2.23105947559156,2.76416542315071,NaN,NaN,NaN,NaN,NaN,NaN,NaN,1530500,119000,1.317136,1,0,0,1,0.1961,0.4,0,MAT,NH4,C,NaN
17.9139414802065,7.59714845450588,2.21178853123001,2.73807290556385,NaN,NaN,NaN,NaN,NaN,NaN,NaN,1807000,250740,1.33296,1,0,0,1,0.1961,0.4,0,MAT,NH4,C,NaN
25.8450946643718,10.7301044841097,2.279663184822,2.76467704114261,NaN,NaN,NaN,NaN,NaN,NaN,NaN,3087000,524150,1.74464,1,0,0,1,0.1961,0.4,0,MAT,NH4,C,NaN
29.0616179001721,12.3905311275577,2.18057983372415,2.75870816457045,NaN,NaN,NaN,NaN,NaN,NaN,NaN,2945100,241860,1.08792,1,0,0,1,0.1961,0.4,0,MAT,NH4,C,NaN
15.2922547332186,6.78234653896387,2.10230228096355,2.49079087614581,NaN,NaN,NaN,NaN,NaN,NaN,NaN,1385100,261780,1.49168,1,0,0,1,0.1961,0.4,0,MAT,NH4,C,NaN
29.8987951807229,11.4771658685242,2.44048177360904,3.07352376891921,NaN,NaN,NaN,NaN,NaN,NaN,NaN,3033100,247790,7.95824,2,1,0,4,0.1961,0.4,0,MAT,NH4,C,NaN
31.2206540447504,10.7106007836308,2.87518652739288,3.53363888296738,NaN,NaN,NaN,NaN,NaN,NaN,NaN,2598900,236930,1.1992,1,0,0,1,0.1961,0.4,0,MAT,NH4,C,NaN
27.9600688468158,13.9173922507619,2.12208484331699,2.55798337241526,NaN,NaN,NaN,NaN,NaN,NaN,NaN,3009000,208460,8.3856,2,0,0,3,0.1961,0.4,0,MAT,NH4,C,NaN
19.7645438898451,8.69962995211145,2.21110637390748,2.81686207631635,NaN,NaN,NaN,NaN,NaN,NaN,NaN,NaN,NaN,0,0,0,0,NaN,0.1961,0.4,0,MAT,NH4,C,NaN
28.863339070568,13.7418589464519,2.03272223406523,2.33884033255169,NaN,NaN,NaN,NaN,NaN,NaN,NaN,NaN,NaN,0,0,0,0,NaN,0.1961,0.4,0,MAT,NH4,C,NaN
14.0585197934596,8.99549412276883,1.25915583031337,1.7277979108932,NaN,NaN,NaN,NaN,NaN,NaN,NaN,NaN,NaN,0,0,0,0,NaN,0.1961,0.4,0,MAT,NH4,C,NaN
-2.02409638554217,-2.89497170222029,-0.48784907269239,-0.48784907269239,NaN,NaN,NaN,NaN,NaN,NaN,NaN,0,0,0,0,0,0,NaN,0.1961,0.4,0,MAT,NH4,C,NaN
39.7246127366609,14.9422072268176,2.57895971008314,3.09023662332125,NaN,NaN,NaN,NaN,NaN,NaN,NaN,3525000,162600,9.15552,2,1,0,4,0.1961,0.4,0,MAT,NH4,C,NaN
30.0089500860585,10.4863082281236,2.60948625026647,3.03634619484118,NaN,NaN,NaN,NaN,NaN,NaN,NaN,2003100,118920,1.366,1,0,0,1,0.1961,0.4,0,MAT,NH4,C,NaN
-2.02409638554217,-2.89497170222029,-0.48784907269239,-0.48784907269239,NaN,NaN,NaN,NaN,NaN,NaN,NaN,0,0,0,0,0,0,NaN,0.1961,0.4,0,MAT,NH4,C,NaN
31.3528399311532,12.1080757509795,2.53751865273929,2.9679599232573,NaN,NaN,NaN,NaN,NaN,NaN,NaN,2204800,166820,1.119216,1,0,0,1,0.1961,0.4,0,MAT,NH4,C,NaN
21.6371772805508,9.42422725293862,2.39494777232999,2.91424003410787,NaN,NaN,NaN,NaN,NaN,NaN,NaN,NaN,NaN,0,0,0,0,NaN,0.1961,0.4,0,MAT,NH4,C,NaN
26.9246127366609,10.30015237266,2.50920912385419,3.22189298657003,NaN,NaN,NaN,NaN,NaN,NaN,NaN,2355100,273530,1.522128,1,0,0,1,0.1961,0.4,0,MAT,NH4,C,NaN
-2.02409638554217,-2.89497170222029,-0.48784907269239,-0.48784907269239,NaN,NaN,NaN,NaN,NaN,NaN,NaN,0,0,0,0,0,0,NaN,0.1961,0.4,0,MAT,NH4,C,NaN
31.6833046471601,12.5481279930344,2.50767426987849,2.95670432743551,NaN,NaN,NaN,NaN,NaN,NaN,NaN,2047000,115580,1.407184,1,0,0,1,0.1961,0.4,0,MAT,NH4,C,NaN
30.1631669535284,11.8778624292556,2.33287145597953,2.90144958431038,NaN,NaN,NaN,NaN,NaN,NaN,NaN,346070,73566,0.97592,1,0,0,1,0.1961,0.4,0,MAT,NH4,C,NaN
-2.02409638554217,-2.89497170222029,-0.48784907269239,-0.48784907269239,NaN,NaN,NaN,NaN,NaN,NaN,NaN,0,0,0,0,0,0,NaN,0.1961,0.4,0,MAT,NH4,C,NaN
24.5452667814114,9.00629081410536,2.5550842037945,3.23007887444042,NaN,NaN,NaN,NaN,NaN,NaN,NaN,NaN,NaN,0,0,0,0,NaN,0.1961,0.4,0,MAT,NH4,C,NaN
-2.02409638554217,-2.89497170222029,-0.48784907269239,-0.48784907269239,NaN,NaN,NaN,NaN,NaN,NaN,NaN,0,0,0,0,0,0,NaN,0.1961,0.4,0,MAT,NH4,C,NaN
18.6850258175559,7.9614497170222,2.34804945640588,2.87979108931997,NaN,NaN,NaN,NaN,NaN,NaN,NaN,754680,99834,1.061408,1,0,0,1,0.1961,0.4,0,MAT,NH4,C,NaN
23.3335628227195,9.01203744013931,2.3589639735664,2.77712641227883,NaN,NaN,NaN,NaN,NaN,NaN,NaN,2440900,355270,1.377088,1,0,0,1,0.1961,0.4,0,MAT,NH4,C,NaN
29.92082616179,13.8372877666522,2.05949690897463,2.41848219995737,NaN,NaN,NaN,NaN,NaN,NaN,NaN,NaN,NaN,0,0,0,0,NaN,0.1961,0.4,0,MAT,NH4,C,NaN
33.2915662650602,13.9905311275577,2.31547644425496,2.84807077382221,NaN,NaN,NaN,NaN,NaN,NaN,NaN,2987300,76741,3.344,2,0,1,3,0.1961,0.4,0,MAT,NH4,C,NaN
-2.02409638554217,-2.89497170222029,-0.48784907269239,-0.48784907269239,NaN,NaN,NaN,NaN,NaN,NaN,NaN,0,0,0,0,0,0,NaN,0.1961,0.4,0,MAT,NH4,C,NaN
35.2743545611016,12.434588593818,2.68043061180985,3.09432956725645,NaN,NaN,NaN,NaN,NaN,NaN,NaN,NaN,NaN,0,0,0,0,NaN,0.1961,0.4,0,MAT,NH4,C,NaN
18.7070567986231,11.5717239878102,1.51752291622255,1.96416542315071,NaN,NaN,NaN,NaN,NaN,NaN,NaN,NaN,NaN,0,0,0,0,NaN,0.1961,0.4,0,MAT,NH4,C,NaN
-2.02409638554217,-2.89497170222029,-0.48784907269239,-0.48784907269239,NaN,NaN,NaN,NaN,NaN,NaN,NaN,0,0,0,0,0,0,NaN,0.1961,0.4,0,MAT,NH4,C,NaN
-2.02409638554217,-2.89497170222029,-0.48784907269239,-0.48784907269239,NaN,NaN,NaN,NaN,NaN,NaN,NaN,0,0,0,0,0,0,NaN,0.1961,0.4,0,MAT,NH4,C,NaN
-2.02409638554217,-2.89497170222029,-0.48784907269239,-0.48784907269239,NaN,NaN,NaN,NaN,NaN,NaN,NaN,0,0,0,0,0,0,NaN,0.1961,0.4,0,MAT,NH4,C,NaN
23.5759036144578,9.18722246408359,2.48294606693669,3.14566190577702,NaN,NaN,NaN,NaN,NaN,NaN,NaN,3042900,493290,1.378144,1,0,0,1,0.1961,0.4,0,MAT,NH4,C,NaN
38.7332185886403,14.2761210274271,2.61443189085483,3.05561713920273,NaN,NaN,NaN,NaN,NaN,NaN,NaN,2990800,133860,7.12896,2,0,0,3,0.1961,0.4,0,MAT,NH4,C,NaN
-2.02409638554217,-2.89497170222029,-0.48784907269239,-0.48784907269239,NaN,NaN,NaN,NaN,NaN,NaN,NaN,0,0,0,0,0,0,NaN,0.1961,0.4,0,MAT,NH4,C,NaN
17.297074010327,9.18739660426643,1.92971647836282,2.46128757194628,NaN,NaN,NaN,NaN,NaN,NaN,NaN,1662500,128750,1.038064,1,0,0,1,0.1961,0.4,0,MAT,NH4,C,NaN
29.039586919105,15.8303221593383,1.71432530377318,2.20121509273076,NaN,NaN,NaN,NaN,NaN,NaN,NaN,NaN,NaN,0,0,0,0,NaN,0.1961,0.4,0,MAT,NH4,C,NaN
28.334595524957,15.0310187200697,1.76992112555958,2.3862502664677,NaN,NaN,NaN,NaN,NaN,NaN,NaN,2629800,124570,9.46352,2,0,0,3,0.1961,0.4,0,MAT,NH4,C,NaN
35.0540447504303,14.5678058336961,2.39204860370923,3.12775527606054,NaN,NaN,NaN,NaN,NaN,NaN,NaN,5276100,297280,11.41632,2,0,0,3,0.1961,0.4,0,MAT,NH4,C,NaN
16.8123924268503,8.38182411841533,1.98838200810062,2.42172244723939,NaN,NaN,NaN,NaN,NaN,NaN,NaN,1683700,196840,1.224176,1,0,0,1,0.1961,0.4,0,MAT,NH4,C,NaN
13.794148020654,8.11852416195037,1.56851417608186,2.24589639735664,NaN,NaN,NaN,NaN,NaN,NaN,NaN,1087600,218410,1.385808,1,0,0,1,0.1961,0.4,0,MAT,NH4,C,NaN
43.1834767641997,18.3971484545059,2.24436154338094,3.2484971221488,NaN,NaN,NaN,NaN,NaN,NaN,NaN,NaN,NaN,0,0,0,0,NaN,0.1961,0.4,0,MAT,NH4,C,NaN
13.265404475043,9.88326077492382,1.31321679812407,1.81903645278192,NaN,NaN,NaN,NaN,NaN,NaN,NaN,3031400,729720,1.50144,1,0,0,1,0.1961,0.4,0,MAT,NH4,C,NaN
31.0444061962134,14.5643230300392,2.02266041355788,2.53530164144106,NaN,NaN,NaN,NaN,NaN,NaN,NaN,592650,158060,1.278336,1,0,0,1,0.1961,0.4,0,MAT,NH4,C,NaN
-2.02409638554217,-2.89497170222029,-0.48784907269239,-0.48784907269239,NaN,NaN,NaN,NaN,NaN,NaN,NaN,0,0,0,0,0,0,NaN,0.1961,0.4,0,MAT,NH4,C,NaN
22.6285714285714,11.4402481497606,1.81988914943509,2.36714986143679,NaN,NaN,NaN,NaN,NaN,NaN,NaN,1586400,111720,1.420112,1,0,0,1,0.1961,0.4,0,MAT,NH4,C,NaN
-2.02409638554217,-2.89497170222029,-0.48784907269239,-0.48784907269239,NaN,NaN,NaN,NaN,NaN,NaN,NaN,0,0,0,0,0,0,NaN,0.1961,0.4,0,MAT,NH4,C,NaN
28.7752151462995,11.8069873748367,2.53427840545726,3.17721168194415,NaN,NaN,NaN,NaN,NaN,NaN,NaN,3111700,394840,1.391088,1,0,0,1,0.1961,0.4,0,MAT,NH4,C,NaN
32.3001721170396,11.9454288202003,2.61494350884673,3.14156896184182,NaN,NaN,NaN,NaN,NaN,NaN,NaN,NaN,NaN,0,0,0,0,NaN,0.1961,0.4,0,MAT,NH4,C,NaN
32.013769363167,12.4069003047453,2.52097633766787,2.9988275421019,NaN,NaN,NaN,NaN,NaN,NaN,NaN,2805100,142040,7.32912,2,0,0,3,0.1961,0.4,0,MAT,NH4,C,NaN
27.5194492254733,10.2991075315629,2.72835216371776,3.21643572798977,NaN,NaN,NaN,NaN,NaN,NaN,NaN,NaN,NaN,0,0,0,0,NaN,0.1961,0.4,0,MAT,NH4,C,NaN
32.6306368330465,12.9005877231171,2.50699211255596,3.07403538691111,NaN,NaN,NaN,NaN,NaN,NaN,NaN,3168800,222890,1.040064,1,0,0,1,0.1961,0.4,0,MAT,NH4,C,NaN
-2.02409638554217,-2.89497170222029,-0.48784907269239,-0.48784907269239,NaN,NaN,NaN,NaN,NaN,NaN,NaN,0,0,0,0,0,0,NaN,0.1961,0.4,0,MAT,NH4,C,NaN
-2.02409638554217,-2.89497170222029,-0.48784907269239,-0.48784907269239,NaN,NaN,NaN,NaN,NaN,NaN,NaN,0,0,0,0,0,0,NaN,0.1961,0.4,0,MAT,NH4,C,NaN
23.7080895008606,9.35195907705703,2.51620123641015,3.09467064591771,NaN,NaN,NaN,NaN,NaN,NaN,NaN,2236500,293730,1.369888,1,0,0,1,0.1961,0.4,0,MAT,NH4,C,NaN
-2.02409638554217,-2.89497170222029,-0.48784907269239,-0.48784907269239,NaN,NaN,NaN,NaN,NaN,NaN,NaN,0,0,0,0,0,0,NaN,0.1961,0.4,0,MAT,NH4,C,NaN
10.8199655765921,6.00185023944275,1.49893412918354,2.16130888936261,NaN,NaN,NaN,NaN,NaN,NaN,NaN,2035000,210000,1.192896,1,0,0,1,0.1961,0.4,0,MAT,NH4,C,NaN
22.9370051635112,9.44268611232042,2.49488382008101,3.16442123214666,NaN,NaN,NaN,NaN,NaN,NaN,NaN,2093900,181430,1.33848,1,0,0,1,0.1961,0.4,0,MAT,NH4,C,NaN
13.6619621342513,5.02405311275577,2.34480920912385,2.93180558516308,NaN,NaN,NaN,NaN,NaN,NaN,NaN,NaN,NaN,0,0,0,0,NaN,0.1961,0.4,0,MAT,NH4,C,NaN
-2.02409638554217,-2.89497170222029,-0.48784907269239,-0.48784907269239,NaN,NaN,NaN,NaN,NaN,NaN,NaN,0,0,0,0,0,0,NaN,0.1961,0.4,0,MAT,NH4,C,NaN
35.4065404475043,13.6591423595995,2.64069494777233,3.05050095928374,NaN,NaN,NaN,NaN,NaN,NaN,NaN,2162700,92658,1.44864,1,0,0,1,0.1961,0.4,0,MAT,NH4,C,NaN
29.5022375215146,14.0640182847192,2.1391387763803,2.63523768919207,NaN,NaN,NaN,NaN,NaN,NaN,NaN,NaN,NaN,0,0,0,0,NaN,0.1961,0.4,0,MAT,NH4,C,NaN
29.4361445783133,12.4321506312582,2.20496695800469,2.57333191217224,NaN,NaN,NaN,NaN,NaN,NaN,NaN,1980100,109300,10.80432,2,0,0,3,0.1961,0.4,0,MAT,NH4,C,NaN
-2.02409638554217,-2.89497170222029,-0.48784907269239,-0.48784907269239,NaN,NaN,NaN,NaN,NaN,NaN,NaN,0,0,0,0,0,0,NaN,0.1961,0.4,0,MAT,NH4,C,NaN
-2.02409638554217,-2.89497170222029,-0.48784907269239,-0.48784907269239,NaN,NaN,NaN,NaN,NaN,NaN,NaN,0,0,0,0,0,0,NaN,0.1961,0.4,0,MAT,NH4,C,NaN
-2.02409638554217,-2.89497170222029,-0.48784907269239,-0.48784907269239,NaN,NaN,NaN,NaN,NaN,NaN,NaN,0,0,0,0,0,0,NaN,0.1961,0.4,0,MAT,NH4,C,NaN
28.0702237521515,11.8376360470179,2.32025154551268,3.1337241526327,NaN,NaN,NaN,NaN,NaN,NaN,NaN,1754700,199700,1.578672,1,0,0,1,0.1961,0.4,0,MAT,NH4,C,NaN
-2.02409638554217,-2.89497170222029,-0.48784907269239,-0.48784907269239,NaN,NaN,NaN,NaN,NaN,NaN,NaN,0,0,0,0,0,0,NaN,0.1961,0.4,0,MAT,NH4,C,NaN
26.1094664371773,9.9492599042229,2.48328714559795,3.12963120869751,NaN,NaN,NaN,NaN,NaN,NaN,NaN,1740300,163950,1.528256,1,0,0,1,0.1961,0.4,0,MAT,NH4,C,NaN
14.0585197934596,7.68857205050065,2.01396290769559,2.62227670006395,NaN,NaN,NaN,NaN,NaN,NaN,NaN,NaN,NaN,0,0,0,0,NaN,0.1961,0.4,0,MAT,NH4,C,NaN
28.8192771084337,11.3341967784066,2.37039010871882,2.98364954167555,NaN,NaN,NaN,NaN,NaN,NaN,NaN,1800200,136040,1.486272,1,0,0,1,0.1961,0.4,0,MAT,NH4,C,NaN
-2.02409638554217,-2.89497170222029,-0.48784907269239,-0.48784907269239,NaN,NaN,NaN,NaN,NaN,NaN,NaN,0,0,0,0,0,0,NaN,0.1961,0.4,0,MAT,NH4,C,NaN
20.2492254733219,8.81560731388768,2.26312086975059,2.72749946706459,NaN,NaN,NaN,NaN,NaN,NaN,NaN,NaN,NaN,0,0,0,0,NaN,0.1961,0.4,0,MAT,NH4,C,NaN
-2.02409638554217,-2.89497170222029,-0.48784907269239,-0.48784907269239,NaN,NaN,NaN,NaN,NaN,NaN,NaN,0,0,0,0,0,0,NaN,0.1961,0.4,0,MAT,NH4,C,NaN
-2.02409638554217,-2.89497170222029,-0.48784907269239,-0.48784907269239,NaN,NaN,NaN,NaN,NaN,NaN,NaN,0,0,0,0,0,0,NaN,0.1961,0.4,0,MAT,NH4,C,NaN
35.5166953528399,15.132020026121,2.22338520571307,2.58151780004263,NaN,NaN,NaN,NaN,NaN,NaN,NaN,NaN,NaN,0,0,0,0,NaN,0.1961,0.4,0,MAT,NH4,C,NaN
-2.02409638554217,-2.89497170222029,-0.48784907269239,-0.48784907269239,NaN,NaN,NaN,NaN,NaN,NaN,NaN,0,0,0,0,0,0,NaN,0.1961,0.4,0,MAT,NH4,C,NaN
27.1669535283993,11.7441227688289,2.37090172671072,2.97341718183756,NaN,NaN,NaN,NaN,NaN,NaN,NaN,NaN,NaN,0,0,0,0,NaN,0.1961,0.4,0,MAT,NH4,C,NaN
26.4399311531842,13.5736395298215,1.71227883180559,2.12839479855042,NaN,NaN,NaN,NaN,NaN,NaN,NaN,NaN,NaN,0,0,0,0,NaN,0.1961,0.4,0,MAT,NH4,C,NaN
20.447504302926,10.737766652155,1.7272862929013,2.3079727137071,NaN,NaN,NaN,NaN,NaN,NaN,NaN,2309100,215550,1.261184,1,0,0,1,0.1961,0.4,0,MAT,NH4,C,NaN
18.3545611015491,9.30946887244232,1.8637177574078,2.42649754849712,NaN,NaN,NaN,NaN,NaN,NaN,NaN,4202200,198300,4.67216,2,0,0,3,0.1961,0.4,0,MAT,NH4,C,NaN
18.3986230636833,8.19357858075751,1.97763803027073,3.0827328927734,NaN,NaN,NaN,NaN,NaN,NaN,NaN,3109700,559020,1.336896,1,0,0,1,0.1961,0.4,0,MAT,NH4,C,NaN
21.3948364888124,11.7392468437092,1.70289916862076,2.32008100618205,NaN,NaN,NaN,NaN,NaN,NaN,NaN,NaN,NaN,0,0,0,0,NaN,0.1961,0.4,0,MAT,NH4,C,NaN
28.6209982788296,11.2347627340009,2.35930505222767,3.00292048603709,NaN,NaN,NaN,NaN,NaN,NaN,NaN,NaN,NaN,0,0,0,0,NaN,0.1961,0.4,0,MAT,NH4,C,NaN
31.4629948364888,11.9759033521985,2.47817096567896,3.02747814964826,NaN,NaN,NaN,NaN,NaN,NaN,NaN,2897500,363980,1.419072,1,0,0,1,0.1961,0.4,0,MAT,NH4,C,NaN
34.5913941480207,13.2511319111885,2.56020038371349,3.08256235344276,NaN,NaN,NaN,NaN,NaN,NaN,NaN,2489300,182680,1.35856,1,0,1,2,0.1961,0.4,0,MAT,NH4,C,NaN
34.9879518072289,13.3564867218111,2.6662758473673,3.13747601790663,NaN,NaN,NaN,NaN,NaN,NaN,NaN,2624700,285120,1.437312,1,0,0,1,0.1961,0.4,0,MAT,NH4,C,NaN
22.1659208261618,8.41003482803657,2.49539543807291,2.98433169899808,NaN,NaN,NaN,NaN,NaN,NaN,NaN,1649900,121760,1.185696,1,0,0,1,0.1961,0.4,0,MAT,NH4,C,NaN
28.5328743545611,10.187309534175,2.59601364314645,3.30767426987849,NaN,NaN,NaN,NaN,NaN,NaN,NaN,2307400,203780,1.362048,1,0,0,1,0.1961,0.4,0,MAT,NH4,C,NaN
21.5490533562823,8.81578145407053,2.44252824557664,2.82965252611383,NaN,NaN,NaN,NaN,NaN,NaN,NaN,1986500,205700,1.200592,1,0,0,1,0.1961,0.4,0,MAT,NH4,C,NaN
37.984165232358,13.0026338702656,2.75921978256235,3.24559795352803,NaN,NaN,NaN,NaN,NaN,NaN,NaN,3373100,334970,1.287424,1,0,0,1,0.1961,0.4,0,MAT,NH4,C,NaN
29.3039586919105,10.3290596430126,2.79793221061607,3.40982732892773,NaN,NaN,NaN,NaN,NaN,NaN,NaN,NaN,NaN,0,0,0,0,NaN,0.1961,0.4,0,MAT,NH4,C,NaN
36.6623063683305,13.7420330866347,2.67002771264123,3.24269878490727,NaN,NaN,NaN,NaN,NaN,NaN,NaN,4194200,282140,8.35472,2,0,0,3,0.1961,0.4,0,MAT,NH4,C,NaN
42.3242685025818,14.4044623421855,2.86989980814325,3.67092304412705,NaN,NaN,NaN,NaN,NaN,NaN,NaN,NaN,NaN,0,0,0,0,NaN,0.1961,0.4,0,MAT,NH4,C,NaN
-2.02409638554217,-2.89497170222029,-0.48784907269239,-0.48784907269239,NaN,NaN,NaN,NaN,NaN,NaN,NaN,0,0,0,0,0,0,NaN,0.1961,0.4,0,MAT,NH4,C,NaN
-2.02409638554217,-2.89497170222029,-0.48784907269239,-0.48784907269239,NaN,NaN,NaN,NaN,NaN,NaN,NaN,0,0,0,0,0,0,NaN,0.1961,0.4,0,MAT,NH4,C,NaN
27.2550774526678,12.0062037440139,2.29569388190151,2.71624387124281,NaN,NaN,NaN,NaN,NaN,NaN,NaN,NaN,NaN,0,0,0,0,NaN,0.1961,0.4,0,MAT,NH4,C,NaN
25.0960413080895,8.28813670004353,2.89582178639949,3.57934342357706,NaN,NaN,NaN,NaN,NaN,NaN,NaN,NaN,NaN,0,0,0,0,NaN,0.1961,0.4,0,MAT,NH4,C,NaN
-2.02409638554217,-2.89497170222029,-0.48784907269239,-0.48784907269239,NaN,NaN,NaN,NaN,NaN,NaN,NaN,0,0,0,0,0,0,NaN,0.1961,0.4,0,MAT,NH4,C,NaN
26.1755593803787,9.73976926425773,2.54758047324664,3.06567895971008,NaN,NaN,NaN,NaN,NaN,NaN,NaN,3494800,613700,1.544832,1,0,0,1,0.1961,0.4,0,MAT,NH4,C,NaN
23.9063683304647,8.5260121898128,2.66337667874654,3.15487102963121,NaN,NaN,NaN,NaN,NaN,NaN,NaN,2196500,265420,1.190592,1,0,0,1,0.1961,0.4,0,MAT,NH4,C,NaN
28.8853700516351,10.4264040052242,2.73056917501599,3.65745043700703,NaN,NaN,NaN,NaN,NaN,NaN,NaN,NaN,NaN,0,0,0,0,NaN,0.1961,0.4,0,MAT,NH4,C,NaN
26.8805507745267,10.1766869830213,2.72153059049243,3.26214026859945,NaN,NaN,NaN,NaN,NaN,NaN,NaN,2232500,242970,1.418432,1,0,0,1,0.1961,0.4,0,MAT,NH4,C,NaN
22.209982788296,7.86271223334785,2.80134299722874,3.56228949051375,NaN,NaN,NaN,NaN,NaN,NaN,NaN,1927400,306360,1.223648,1,0,0,1,0.1961,0.4,0,MAT,NH4,C,NaN
31.9697074010327,12.0880496299521,2.5849285866553,2.95175868684715,NaN,NaN,NaN,NaN,NaN,NaN,NaN,2201600,132300,1.427184,1,0,0,1,0.1961,0.4,0,MAT,NH4,C,NaN
34.3710843373494,14.1662385720505,2.33542954593903,2.75990193988489,NaN,NaN,NaN,NaN,NaN,NaN,NaN,2209900,120340,1.438704,1,0,0,1,0.1961,0.4,0,MAT,NH4,C,NaN
20.6017211703959,8.89536351763169,2.26175655510552,2.70635259006608,NaN,NaN,NaN,NaN,NaN,NaN,NaN,1266500,91420,1.443312,1,0,0,1,0.1961,0.4,0,MAT,NH4,C,NaN
24.7655765920826,10.6566173269482,2.27181837561288,2.68213600511618,NaN,NaN,NaN,NaN,NaN,NaN,NaN,1696100,73416,1.079024,1,0,0,1,0.1961,0.4,0,MAT,NH4,C,NaN
25.2282271944923,11.4010666086199,1.99264549136645,2.40040503091025,NaN,NaN,NaN,NaN,NaN,NaN,NaN,1977000,195850,1.350832,1,0,0,1,0.1961,0.4,0,MAT,NH4,C,NaN
25.184165232358,13.1396821941663,2.04841185248348,3.05953954380729,NaN,NaN,NaN,NaN,NaN,NaN,NaN,2295700,127870,7.96848,2,0,0,3,0.1961,0.4,0,MAT,NH4,C,NaN
-2.02409638554217,-2.89497170222029,-0.48784907269239,-0.48784907269239,NaN,NaN,NaN,NaN,NaN,NaN,NaN,0,0,0,0,0,0,NaN,0.1961,0.4,0,MAT,NH4,C,NaN
-2.02409638554217,-2.89497170222029,-0.48784907269239,-0.48784907269239,NaN,NaN,NaN,NaN,NaN,NaN,NaN,0,0,0,0,0,0,NaN,0.1961,0.4,0,MAT,NH4,C,NaN
-2.02409638554217,-2.89497170222029,-0.48784907269239,-0.48784907269239,NaN,NaN,NaN,NaN,NaN,NaN,NaN,0,0,0,0,0,0,NaN,0.1961,0.4,0,MAT,NH4,C,NaN
21.0203098106713,8.84103178058337,2.43348966105308,2.89360477510126,NaN,NaN,NaN,NaN,NaN,NaN,NaN,1839500,220170,1.170224,1,0,0,1,0.1961,0.4,0,MAT,NH4,C,NaN
-2.02409638554217,-2.89497170222029,-0.48784907269239,-0.48784907269239,NaN,NaN,NaN,NaN,NaN,NaN,NaN,0,0,0,0,0,0,NaN,0.1961,0.4,0,MAT,NH4,C,NaN
22.2981067125645,7.59296909011755,2.8583031336602,3.60952888509913,NaN,NaN,NaN,NaN,NaN,NaN,NaN,NaN,NaN,0,0,0,0,NaN,0.1961,0.4,0,MAT,NH4,C,NaN
17.3631669535284,9.38609055289508,1.64201662758474,2.29893412918354,NaN,NaN,NaN,NaN,NaN,NaN,NaN,2354500,351450,1.309008,1,0,0,1,0.1961,0.4,0,MAT,NH4,C,NaN
-2.02409638554217,-2.89497170222029,-0.48784907269239,-0.48784907269239,NaN,NaN,NaN,NaN,NaN,NaN,NaN,0,0,0,0,0,0,NaN,0.1961,0.4,0,MAT,NH4,C,NaN
-2.02409638554217,-2.89497170222029,-0.48784907269239,-0.48784907269239,NaN,NaN,NaN,NaN,NaN,NaN,NaN,0,0,0,0,0,0,NaN,0.1961,0.4,0,MAT,NH4,C,NaN
25.4485370051635,9.92505441880714,2.40057557024089,3.11769345555319,NaN,NaN,NaN,NaN,NaN,NaN,NaN,NaN,NaN,0,0,0,0,NaN,0.1961,0.4,0,MAT,NH4,C,NaN
26.417900172117,12.2811710927296,2.07569814538478,2.48021743764656,NaN,NaN,NaN,NaN,NaN,NaN,NaN,NaN,NaN,0,0,0,0,NaN,0.1961,0.4,0,MAT,NH4,C,NaN
-2.02409638554217,-2.89497170222029,-0.48784907269239,-0.48784907269239,NaN,NaN,NaN,NaN,NaN,NaN,NaN,0,0,0,0,0,0,NaN,0.1961,0.4,0,MAT,NH4,C,NaN
-2.02409638554217,-2.89497170222029,-0.48784907269239,-0.48784907269239,NaN,NaN,NaN,NaN,NaN,NaN,NaN,0,0,0,0,0,0,NaN,0.1961,0.4,0,MAT,NH4,C,NaN
-2.02409638554217,-2.89497170222029,-0.48784907269239,-0.48784907269239,NaN,NaN,NaN,NaN,NaN,NaN,NaN,0,0,0,0,0,0,NaN,0.1961,0.4,0,MAT,NH4,C,NaN
29.5903614457831,10.9761645624728,2.56616926028565,3.58428906416542,NaN,NaN,NaN,NaN,NaN,NaN,NaN,2356300,217540,1.415216,1,0,0,1,0.1961,0.4,0,MAT,NH4,C,NaN
-2.02409638554217,-2.89497170222029,-0.48784907269239,-0.48784907269239,NaN,NaN,NaN,NaN,NaN,NaN,NaN,0,0,0,0,0,0,NaN,0.1961,0.4,0,MAT,NH4,C,NaN
29.1497418244406,11.3232259468872,2.62960989128118,3.35184395651247,NaN,NaN,NaN,NaN,NaN,NaN,NaN,1975900,139630,1.2252,1,0,0,1,0.1961,0.4,0,MAT,NH4,C,NaN
34.7896729776248,13.6474749673487,2.48720955020252,2.96164996802388,NaN,NaN,NaN,NaN,NaN,NaN,NaN,NaN,NaN,0,0,0,0,NaN,0.1961,0.4,0,MAT,NH4,C,NaN
-2.02409638554217,-2.89497170222029,-0.48784907269239,-0.48784907269239,NaN,NaN,NaN,NaN,NaN,NaN,NaN,0,0,0,0,0,0,NaN,0.1961,0.4,0,MAT,NH4,C,NaN
30.0750430292599,12.1718110579016,2.40927307610318,2.95431677680665,NaN,NaN,NaN,NaN,NaN,NaN,NaN,3085700,380240,1.350352,1,0,0,1,0.1961,0.4,0,MAT,NH4,C,NaN
24.2368330464716,10.4680235089247,2.22952462161586,2.84312513323385,NaN,NaN,NaN,NaN,NaN,NaN,NaN,1878100,102950,1.250944,1,0,0,1,0.1961,0.4,0,MAT,NH4,C,NaN
15.35834767642,6.06123204179364,2.15056491153272,2.56940950756768,NaN,NaN,NaN,NaN,NaN,NaN,NaN,NaN,NaN,0,0,0,0,NaN,0.1961,0.4,0,MAT,NH4,C,NaN
18.9714285714286,9.26279930343927,1.99725005329354,2.85693881901514,NaN,NaN,NaN,NaN,NaN,NaN,NaN,NaN,NaN,0,0,0,0,NaN,0.1961,0.4,0,MAT,NH4,C,NaN
31.9476764199656,11.419177187636,2.67838413984225,3.4070986996376,NaN,NaN,NaN,NaN,NaN,NaN,NaN,2526700,125950,1.028496,1,0,0,1,0.1961,0.4,0,MAT,NH4,C,NaN
30.8240963855422,11.8809969525468,2.65706672351311,3.2979535280324,NaN,NaN,NaN,NaN,NaN,NaN,NaN,NaN,NaN,0,0,0,0,NaN,0.1961,0.4,0,MAT,NH4,C,NaN
35.8471600688468,13.5536134087941,2.58561074397783,2.99541675548923,NaN,NaN,NaN,NaN,NaN,NaN,NaN,NaN,NaN,0,0,0,0,NaN,0.1961,0.4,0,MAT,NH4,C,NaN
36.0674698795181,13.3533521985198,2.80253677254317,3.20722660413558,NaN,NaN,NaN,NaN,NaN,NaN,NaN,NaN,NaN,0,0,0,0,NaN,0.1961,0.4,0,MAT,NH4,C,NaN
23.3555938037866,7.80263387026556,2.84278405457259,3.32506928160307,NaN,NaN,NaN,NaN,NaN,NaN,NaN,1550400,128310,1.274432,1,0,0,1,0.1961,0.4,0,MAT,NH4,C,NaN
34.4592082616179,12.49954288202,2.76757620976338,3.68490726923897,NaN,NaN,NaN,NaN,NaN,NaN,NaN,3830600,346710,7.81696,2,0,0,3,0.1961,0.4,0,MAT,NH4,C,NaN
23.0030981067126,10.0638441445364,2.13146450650181,2.64632274568322,NaN,NaN,NaN,NaN,NaN,NaN,NaN,NaN,NaN,0,0,0,0,NaN,0.1961,0.4,0,MAT,NH4,C,NaN
23.1132530120482,8.03476273400087,2.69936047751013,3.28635685354935,NaN,NaN,NaN,NaN,NaN,NaN,NaN,2250800,376340,1.403392,1,0,0,1,0.1961,0.4,0,MAT,NH4,C,NaN
37.0588640275387,12.987309534175,2.79690897463227,3.73692176508207,NaN,NaN,NaN,NaN,NaN,NaN,NaN,2240800,88531,1.027392,1,0,1,2,0.1961,0.4,0,MAT,NH4,C,NaN
18.7290877796902,8.8271005659556,2.07399275207845,2.53990620336815,NaN,NaN,NaN,NaN,NaN,NaN,NaN,1968600,232800,1.237792,1,0,0,1,0.1961,0.4,0,MAT,NH4,C,NaN
23.0912220309811,8.1105137135394,2.62398209337028,3.09808143253038,NaN,NaN,NaN,NaN,NaN,NaN,NaN,NaN,NaN,0,0,0,0,NaN,0.1961,0.4,0,MAT,NH4,C,NaN
20.8660929432014,8.5909664780148,2.34156896184182,3.01502877851204,NaN,NaN,NaN,NaN,NaN,NaN,NaN,2282500,323570,1.34952,1,0,0,1,0.1961,0.4,0,MAT,NH4,C,NaN
24.5893287435456,9.39688724423161,2.45565977403539,2.90861223619697,NaN,NaN,NaN,NaN,NaN,NaN,NaN,2226200,231890,1.353648,1,0,0,1,0.1961,0.4,0,MAT,NH4,C,NaN
28.3566265060241,10.9516107966913,2.4433809422298,3.12451502877851,NaN,NaN,NaN,NaN,NaN,NaN,NaN,2228700,172190,1.287344,1,0,0,1,0.1961,0.4,0,MAT,NH4,C,NaN
32.1018932874355,11.4479103178058,2.74523555745044,3.40488168833937,NaN,NaN,NaN,NaN,NaN,NaN,NaN,3388900,527160,1.65888,1,0,0,1,0.1961,0.4,0,MAT,NH4,C,NaN
20.9542168674699,8.36858946451894,2.27420592624174,2.90810061820507,NaN,NaN,NaN,NaN,NaN,NaN,NaN,1383200,108300,1.371264,1,0,0,1,0.1961,0.4,0,MAT,NH4,C,NaN
32.1018932874355,13.4014148889856,2.20445534001279,2.40893199744191,NaN,NaN,NaN,NaN,NaN,NaN,NaN,NaN,NaN,0,0,0,0,NaN,0.1961,0.4,0,MAT,NH4,C,NaN
28.0702237521515,14.0419024814976,1.99537412065658,2.42342784054573,NaN,NaN,NaN,NaN,NaN,NaN,NaN,2124100,102330,9.12112,2,1,0,4,0.1961,0.4,0,MAT,NH4,C,NaN
30.1851979345955,13.0555724858511,2.43280750373055,3.04657855467917,NaN,NaN,NaN,NaN,NaN,NaN,NaN,2315000,110410,7.66448,2,0,0,3,0.1961,0.4,0,MAT,NH4,C,NaN
13.9483648881239,6.83058336961254,2.08678320187593,2.50801534853976,NaN,NaN,NaN,NaN,NaN,NaN,NaN,331130,34060,0.867984,1,0,0,1,0.1961,0.4,0,MAT,NH4,C,NaN
-2.02409638554217,-2.89497170222029,-0.48784907269239,-0.48784907269239,NaN,NaN,NaN,NaN,NaN,NaN,NaN,0,0,0,0,0,0,NaN,0.1961,0.4,0,MAT,NH4,C,NaN
24.7435456110155,12.6228341314758,2.11730974205926,2.77934342357706,NaN,NaN,NaN,NaN,NaN,NaN,NaN,1580200,87587,8.90768,2,0,0,3,0.1961,0.4,0,MAT,NH4,C,NaN
-2.02409638554217,-2.89497170222029,-0.48784907269239,-0.48784907269239,NaN,NaN,NaN,NaN,NaN,NaN,NaN,0,0,0,0,0,0,NaN,0.1961,0.4,0,MAT,NH4,C,NaN
-2.02409638554217,-2.89497170222029,-0.48784907269239,-0.48784907269239,NaN,NaN,NaN,NaN,NaN,NaN,NaN,0,0,0,0,0,0,NaN,0.1961,0.4,0,MAT,NH4,C,NaN
-2.02409638554217,-2.89497170222029,-0.48784907269239,-0.48784907269239,NaN,NaN,NaN,NaN,NaN,NaN,NaN,0,0,0,0,0,0,NaN,0.1961,0.4,0,MAT,NH4,C,NaN
-2.02409638554217,-2.89497170222029,-0.48784907269239,-0.48784907269239,NaN,NaN,NaN,NaN,NaN,NaN,NaN,0,0,0,0,0,0,NaN,0.1961,0.4,0,MAT,NH4,C,NaN
28.0481927710843,12.6407705703091,2.01924962694521,2.56480494564059,NaN,NaN,NaN,NaN,NaN,NaN,NaN,NaN,NaN,0,0,0,0,NaN,0.1961,0.4,0,MAT,NH4,C,NaN
34.5693631669535,12.5341967784066,2.65928373481134,3.19869963760392,NaN,NaN,NaN,NaN,NaN,NaN,NaN,3606700,305380,9.29472,2,0,0,3,0.1961,0.4,0,MAT,NH4,C,NaN
-2.02409638554217,-2.89497170222029,-0.48784907269239,-0.48784907269239,NaN,NaN,NaN,NaN,NaN,NaN,NaN,0,0,0,0,0,0,NaN,0.1961,0.4,0,MAT,NH4,C,NaN
-2.02409638554217,-2.89497170222029,-0.48784907269239,-0.48784907269239,NaN,NaN,NaN,NaN,NaN,NaN,NaN,0,0,0,0,0,0,NaN,0.1961,0.4,0,MAT,NH4,C,NaN
35.4726333907057,13.0856987374837,2.79435088467278,3.82594329567256,NaN,NaN,NaN,NaN,NaN,NaN,NaN,2579900,237670,1.67888,1,0,0,1,0.1961,0.4,0,MAT,NH4,C,NaN
31.9036144578313,11.9459512407488,2.6122148795566,3.23621829034321,NaN,NaN,NaN,NaN,NaN,NaN,NaN,1573000,89851,1.44712,1,0,0,1,0.1961,0.4,0,MAT,NH4,C,NaN
25.9772805507745,10.6809969525468,2.35094862502665,3.03907482413132,NaN,NaN,NaN,NaN,NaN,NaN,NaN,NaN,NaN,0,0,0,0,NaN,0.1961,0.4,0,MAT,NH4,C,NaN
20.4254733218589,8.37276882890727,2.39733532295886,2.83442762737156,NaN,NaN,NaN,NaN,NaN,NaN,NaN,NaN,NaN,0,0,0,0,NaN,0.1961,0.4,0,MAT,NH4,C,NaN
25.0740103270224,9.50015237265999,2.60931571093583,3.20415689618418,NaN,NaN,NaN,NaN,NaN,NaN,NaN,NaN,NaN,0,0,0,0,NaN,0.1961,0.4,0,MAT,NH4,C,NaN
35.9352839931153,12.9866129734436,2.7223832871456,3.4961202302281,NaN,NaN,NaN,NaN,NaN,NaN,NaN,2105600,86812,1.271584,1,0,0,1,0.1961,0.4,0,MAT,NH4,C,NaN
11.4588640275387,6.33741837178929,1.66776806651034,2.27250053293541,NaN,NaN,NaN,NaN,NaN,NaN,NaN,2936100,855090,1.277312,1,0,0,1,0.1961,0.4,0,MAT,NH4,C,NaN
30.8240963855422,11.1837396604266,2.88831805585163,3.87096567895971,NaN,NaN,NaN,NaN,NaN,NaN,NaN,3161500,479900,1.553424,1,0,0,1,0.1961,0.4,0,MAT,NH4,C,NaN
22.0557659208262,12.605594253374,1.72097633766787,2.45719462801108,NaN,NaN,NaN,NaN,NaN,NaN,NaN,NaN,NaN,0,0,0,0,NaN,0.1961,0.4,0,MAT,NH4,C,NaN
25.9772805507745,11.6735959947758,2.15465785546792,2.73636751225751,NaN,NaN,NaN,NaN,NaN,NaN,NaN,NaN,NaN,0,0,0,0,NaN,0.1961,0.4,0,MAT,NH4,C,NaN
-2.02409638554217,-2.89497170222029,-0.48784907269239,-0.48784907269239,NaN,NaN,NaN,NaN,NaN,NaN,NaN,0,0,0,0,0,0,NaN,0.1961,0.4,0,MAT,NH4,C,NaN
-2.02409638554217,-2.89497170222029,-0.48784907269239,-0.48784907269239,NaN,NaN,NaN,NaN,NaN,NaN,NaN,0,0,0,0,0,0,NaN,0.1961,0.4,0,MAT,NH4,C,NaN
23.421686746988,12.7920983892033,1.58590918780644,2.0583031336602,NaN,NaN,NaN,NaN,NaN,NaN,NaN,4881100,583870,8.16624,2,0,0,3,0.1961,0.4,0,MAT,NH4,C,NaN
-2.02409638554217,-2.89497170222029,-0.48784907269239,-0.48784907269239,NaN,NaN,NaN,NaN,NaN,NaN,NaN,0,0,0,0,0,0,NaN,0.1961,0.4,0,MAT,NH4,C,NaN
39.8127366609294,14.5956682629517,2.65808995949691,3.44939245363462,NaN,NaN,NaN,NaN,NaN,NaN,NaN,884960,126190,1.400864,1,0,0,1,0.1961,0.4,0,MAT,NH4,C,NaN
39.8347676419966,14.8203090988246,2.73415050095928,3.34928586655297,NaN,NaN,NaN,NaN,NaN,NaN,NaN,3210100,123800,8.1424,2,1,0,4,0.1961,0.4,0,MAT,NH4,C,NaN
-2.02409638554217,-2.89497170222029,-0.48784907269239,-0.48784907269239,NaN,NaN,NaN,NaN,NaN,NaN,NaN,0,0,0,0,0,0,NaN,0.1961,0.4,0,MAT,NH4,C,NaN
40.0550774526678,14.3403787548977,2.80611809848646,3.17533574930718,NaN,NaN,NaN,NaN,NaN,NaN,NaN,2602400,133990,1.244048,1,0,0,1,0.1961,0.4,0,MAT,NH4,C,NaN
29.215834767642,12.8601872006966,2.26056277979109,2.73773182690258,NaN,NaN,NaN,NaN,NaN,NaN,NaN,2952900,302560,1.306224,1,0,0,1,0.1961,0.4,0,MAT,NH4,C,NaN
19.213769363167,7.54455811928602,2.53581325943296,2.97444041782136,NaN,NaN,NaN,NaN,NaN,NaN,NaN,1435700,471280,1.228288,1,0,0,1,0.1961,0.4,0,MAT,NH4,C,NaN
31.9256454388985,11.6880496299521,2.72323598379876,3.4132381155404,NaN,NaN,NaN,NaN,NaN,NaN,NaN,2351500,178840,1.39264,1,0,0,1,0.1961,0.4,0,MAT,NH4,C,NaN
-2.02409638554217,-2.89497170222029,-0.48784907269239,-0.48784907269239,NaN,NaN,NaN,NaN,NaN,NaN,NaN,0,0,0,0,0,0,NaN,0.1961,0.4,0,MAT,NH4,C,NaN
31.6612736660929,12.1634523291249,2.56207631635046,2.99609891281177,NaN,NaN,NaN,NaN,NaN,NaN,NaN,2133600,162960,1.313504,1,0,0,1,0.1961,0.4,0,MAT,NH4,C,NaN
21.2626506024096,8.74838920330866,2.63830739714347,3.16220422084843,NaN,NaN,NaN,NaN,NaN,NaN,NaN,1511400,153550,1.303872,1,0,0,1,0.1961,0.4,0,MAT,NH4,C,NaN
30.9122203098107,11.2621027427079,2.7743977829887,3.11718183756129,NaN,NaN,NaN,NaN,NaN,NaN,NaN,2449400,141340,1.192144,1,0,0,1,0.1961,0.4,0,MAT,NH4,C,NaN
-2.02409638554217,-2.89497170222029,-0.48784907269239,-0.48784907269239,NaN,NaN,NaN,NaN,NaN,NaN,NaN,0,0,0,0,0,0,NaN,0.1961,0.4,0,MAT,NH4,C,NaN
39.5703958691911,16.2848280365694,2.44252824557664,2.73500319761245,NaN,NaN,NaN,NaN,NaN,NaN,NaN,NaN,NaN,0,0,0,0,NaN,0.1961,0.4,0,MAT,NH4,C,NaN
18.9934595524957,8.095015237266,2.18518439565125,2.72664677041143,NaN,NaN,NaN,NaN,NaN,NaN,NaN,1885500,252630,1.34168,1,0,0,1,0.1961,0.4,0,MAT,NH4,C,NaN
-2.02409638554217,-2.89497170222029,-0.48784907269239,-0.48784907269239,NaN,NaN,NaN,NaN,NaN,NaN,NaN,0,0,0,0,0,0,NaN,0.1961,0.4,0,MAT,NH4,C,NaN
19.3679862306368,8.02553330430997,2.36135152419527,2.77013429972287,NaN,NaN,NaN,NaN,NaN,NaN,NaN,3203200,825610,1.504032,1,0,0,1,0.1961,0.4,0,MAT,NH4,C,NaN
31.2867469879518,11.1135611667392,2.73022809635472,3.33342570880409,NaN,NaN,NaN,NaN,NaN,NaN,NaN,NaN,NaN,0,0,0,0,NaN,0.1961,0.4,0,MAT,NH4,C,NaN
-2.02409638554217,-2.89497170222029,-0.48784907269239,-0.48784907269239,NaN,NaN,NaN,NaN,NaN,NaN,NaN,0,0,0,0,0,0,NaN,0.1961,0.4,0,MAT,NH4,C,NaN
20.4254733218589,8.40602960383108,2.52080579833724,3.14429759113195,NaN,NaN,NaN,NaN,NaN,NaN,NaN,2590200,419410,1.435952,1,0,0,1,0.1961,0.4,0,MAT,NH4,C,NaN
36.2657487091222,13.669939050936,2.5277979108932,3.03157109358346,NaN,NaN,NaN,NaN,NaN,NaN,NaN,4790200,270690,7.6168,2,0,0,3,0.1961,0.4,0,MAT,NH4,C,NaN
39.4822719449226,14.0741184153243,2.67667874653592,3.13304199531017,NaN,NaN,NaN,NaN,NaN,NaN,NaN,3262700,162720,9.008,2,1,0,4,0.1961,0.4,0,MAT,NH4,C,NaN
36.9927710843374,14.1488245537658,2.64632274568322,3.62470688552547,NaN,NaN,NaN,NaN,NaN,NaN,NaN,2715200,169860,1.3456,1,0,1,2,0.1961,0.4,0,MAT,NH4,C,NaN
26.1755593803787,9.39009577710057,2.54775101257728,3.09006608399062,NaN,NaN,NaN,NaN,NaN,NaN,NaN,2164500,254690,1.62752,1,0,0,1,0.1961,0.4,0,MAT,NH4,C,NaN
-2.02409638554217,-2.89497170222029,-0.48784907269239,-0.48784907269239,NaN,NaN,NaN,NaN,NaN,NaN,NaN,0,0,0,0,0,0,NaN,0.1961,0.4,0,MAT,NH4,C,NaN
35.7810671256454,13.6321506312582,2.58373481134087,2.88098486463441,NaN,NaN,NaN,NaN,NaN,NaN,NaN,3721300,229020,9.62992,2,0,0,3,0.1961,0.4,0,MAT,NH4,C,NaN
22.0777969018933,9.51060078363082,2.24231507141334,2.89837987635899,NaN,NaN,NaN,NaN,NaN,NaN,NaN,1916700,170280,1.295712,1,0,0,1,0.1961,0.4,0,MAT,NH4,C,NaN
30.8461273666093,12.3287113626469,2.5571306757621,3.44495843103816,NaN,NaN,NaN,NaN,NaN,NaN,NaN,2503900,118210,9.3224,2,0,0,3,0.1961,0.4,0,MAT,NH4,C,NaN
27.982099827883,11.6434697431432,2.46043487529311,2.89241099978683,NaN,NaN,NaN,NaN,NaN,NaN,NaN,2618500,118770,7.06096,2,0,0,3,0.1961,0.4,0,MAT,NH4,C,NaN
33.071256454389,13.6532215933827,2.27471754423364,2.58475804732466,NaN,NaN,NaN,NaN,NaN,NaN,NaN,2149600,140330,1.326048,1,0,1,2,0.1961,0.4,0,MAT,NH4,C,NaN
25.0740103270224,10.4612320417936,2.33338307397143,2.92481347260712,NaN,NaN,NaN,NaN,NaN,NaN,NaN,1802000,196190,1.459856,1,0,0,1,0.1961,0.4,0,MAT,NH4,C,NaN
20.4034423407917,9.28804962995211,2.1396503943722,2.59533148582392,NaN,NaN,NaN,NaN,NaN,NaN,NaN,NaN,NaN,0,0,0,0,NaN,0.1961,0.4,0,MAT,NH4,C,NaN
23.1793459552496,9.69379625598607,2.39955233425709,2.90247282029418,NaN,NaN,NaN,NaN,NaN,NaN,NaN,1635700,92107,1.306368,1,0,0,1,0.1961,0.4,0,MAT,NH4,C,NaN
12.3401032702238,6.22440139312146,2.08422511191644,2.74148369217651,NaN,NaN,NaN,NaN,NaN,NaN,NaN,NaN,NaN,0,0,0,0,NaN,0.1961,0.4,0,MAT,NH4,C,NaN
32.5645438898451,12.5944492816717,2.37755276060541,2.97836282242592,NaN,NaN,NaN,NaN,NaN,NaN,NaN,2093200,64943,4.9344,2,1,0,4,0.1961,0.4,0,MAT,NH4,C,NaN
28.0041308089501,9.11913365259034,2.89582178639949,3.45263270091665,NaN,NaN,NaN,NaN,NaN,NaN,NaN,1802600,133280,1.408384,1,0,0,1,0.1961,0.4,0,MAT,NH4,C,NaN
23.1352839931153,9.36362646930779,2.47800042634833,3.26282242592198,NaN,NaN,NaN,NaN,NaN,NaN,NaN,2203000,210050,1.237024,1,0,0,1,0.1961,0.4,0,MAT,NH4,C,NaN
28.0481927710843,10.3363735306922,2.75904924323172,3.22086975058623,NaN,NaN,NaN,NaN,NaN,NaN,NaN,1725500,85418,0.992672,1,0,0,1,0.1961,0.4,0,MAT,NH4,C,NaN
-2.02409638554217,-2.89497170222029,-0.48784907269239,-0.48784907269239,NaN,NaN,NaN,NaN,NaN,NaN,NaN,0,0,0,0,0,0,NaN,0.1961,0.4,0,MAT,NH4,C,NaN
21.6592082616179,7.7787766652155,2.720336815178,3.62675335749307,NaN,NaN,NaN,NaN,NaN,NaN,NaN,2527700,417360,1.494576,1,0,0,1,0.1961,0.4,0,MAT,NH4,C,NaN
-2.02409638554217,-2.89497170222029,-0.48784907269239,-0.48784907269239,NaN,NaN,NaN,NaN,NaN,NaN,NaN,0,0,0,0,0,0,NaN,0.1961,0.4,0,MAT,NH4,C,NaN
31.6172117039587,11.7932303003918,2.87603922404605,4.13751865273929,NaN,NaN,NaN,NaN,NaN,NaN,NaN,NaN,NaN,0,0,0,0,NaN,0.1961,0.4,0,MAT,NH4,C,NaN
37.6096385542169,13.3923595994776,2.86000852696653,3.70963547218077,NaN,NaN,NaN,NaN,NaN,NaN,NaN,2417000,124800,1.270736,1,0,0,1,0.1961,0.4,0,MAT,NH4,C,NaN
32.1239242685026,13.0735089246844,2.41353655936901,3.05271797058197,NaN,NaN,NaN,NaN,NaN,NaN,NaN,NaN,NaN,0,0,0,0,NaN,0.1961,0.4,0,MAT,NH4,C,NaN
31.0003442340792,12.3180888114933,2.52387550628864,3.45757834150501,NaN,NaN,NaN,NaN,NaN,NaN,NaN,NaN,NaN,0,0,0,0,NaN,0.1961,0.4,0,MAT,NH4,C,NaN
24.2588640275387,13.5349804092294,1.83574930718397,2.60266467704114,NaN,NaN,NaN,NaN,NaN,NaN,NaN,1794400,147180,1.159056,1,0,0,1,0.1961,0.4,0,MAT,NH4,C,NaN
29.8767641996558,12.5044188071397,2.36032828821147,3.1059262417395,NaN,NaN,NaN,NaN,NaN,NaN,NaN,2438600,100750,1.198864,1,0,0,1,0.1961,0.4,0,MAT,NH4,C,NaN
21.6371772805508,8.90546364823683,2.40040503091025,2.86785333617566,NaN,NaN,NaN,NaN,NaN,NaN,NaN,NaN,NaN,0,0,0,0,NaN,0.1961,0.4,0,MAT,NH4,C,NaN
21.6592082616179,9.7138223770135,2.0835429545939,2.58407589000213,NaN,NaN,NaN,NaN,NaN,NaN,NaN,1179500,80458,1.561296,1,0,0,1,0.1961,0.4,0,MAT,NH4,C,NaN
38.6010327022375,14.5079016107967,2.86256661692603,3.78211468769985,NaN,NaN,NaN,NaN,NaN,NaN,NaN,NaN,NaN,0,0,0,0,NaN,0.1961,0.4,0,MAT,NH4,C,NaN
11.5469879518072,8.60002176752286,1.41622255382648,2.08780643785973,NaN,NaN,NaN,NaN,NaN,NaN,NaN,1193300,198640,1.413216,1,0,0,1,0.1961,0.4,0,MAT,NH4,C,NaN
34.8557659208262,15.4541793643883,2.13385205713068,2.70839906203368,NaN,NaN,NaN,NaN,NaN,NaN,NaN,3058500,284000,8.98768,2,1,0,4,0.1961,0.4,0,MAT,NH4,C,NaN
-2.02409638554217,-2.89497170222029,-0.48784907269239,-0.48784907269239,NaN,NaN,NaN,NaN,NaN,NaN,NaN,0,0,0,0,0,0,NaN,0.1961,0.4,0,MAT,NH4,C,NaN
20.4034423407917,8.18330430996953,2.47356640375187,3.05476444254956,NaN,NaN,NaN,NaN,NaN,NaN,NaN,3013600,535180,1.198704,1,0,0,1,0.1961,0.4,0,MAT,NH4,C,NaN
-2.02409638554217,-2.89497170222029,-0.48784907269239,-0.48784907269239,NaN,NaN,NaN,NaN,NaN,NaN,NaN,0,0,0,0,0,0,NaN,0.1961,0.4,0,MAT,NH4,C,NaN
24.5672977624785,10.2122115803222,2.37635898529098,2.97836282242592,NaN,NaN,NaN,NaN,NaN,NaN,NaN,1774600,158480,1.333792,1,0,0,1,0.1961,0.4,0,MAT,NH4,C,NaN
27.4533562822719,11.1356769699608,2.51944148369218,3.10660839906203,NaN,NaN,NaN,NaN,NaN,NaN,NaN,2436800,193780,1.034048,1,0,0,1,0.1961,0.4,0,MAT,NH4,C,NaN
36.2877796901893,14.8116020896822,2.48175229162226,3.10302707311874,NaN,NaN,NaN,NaN,NaN,NaN,NaN,3862500,295290,8.6408,2,1,0,4,0.1961,0.4,0,MAT,NH4,C,NaN
-2.02409638554217,-2.89497170222029,-0.48784907269239,-0.48784907269239,NaN,NaN,NaN,NaN,NaN,NaN,NaN,0,0,0,0,0,0,NaN,0.1961,0.4,0,MAT,NH4,C,NaN
36.6843373493976,13.4263169351328,2.56736303560009,2.82095502025155,NaN,NaN,NaN,NaN,NaN,NaN,NaN,NaN,NaN,0,0,0,0,NaN,0.1961,0.4,0,MAT,NH4,C,NaN
21.9015490533563,8.3492599042229,2.66951609464933,3.44018332978043,NaN,NaN,NaN,NaN,NaN,NaN,NaN,1743900,104150,1.205568,1,0,0,1,0.1961,0.4,0,MAT,NH4,C,NaN
22.8048192771084,7.992446669569,2.57282029418035,3.26674483052654,NaN,NaN,NaN,NaN,NaN,NaN,NaN,2424400,402640,1.437744,1,0,0,1,0.1961,0.4,0,MAT,NH4,C,NaN
11.8113597246127,7.84529821506313,1.4487955659774,1.73120869750586,NaN,NaN,NaN,NaN,NaN,NaN,NaN,2329600,708610,1.414096,1,0,0,1,0.1961,0.4,0,MAT,NH4,C,NaN
-2.02409638554217,-2.89497170222029,-0.48784907269239,-0.48784907269239,NaN,NaN,NaN,NaN,NaN,NaN,NaN,0,0,0,0,0,0,NaN,0.1961,0.4,0,MAT,NH4,C,NaN
31.4850258175559,11.8865694383979,2.79742059262417,3.49987209550202,NaN,NaN,NaN,NaN,NaN,NaN,NaN,NaN,NaN,0,0,0,0,NaN,0.1961,0.4,0,MAT,NH4,C,NaN
-2.02409638554217,-2.89497170222029,-0.48784907269239,-0.48784907269239,NaN,NaN,NaN,NaN,NaN,NaN,NaN,0,0,0,0,0,0,NaN,0.1961,0.4,0,MAT,NH4,C,NaN
16.9005163511188,7.04825859817153,2.01362182903432,2.58219995736517,NaN,NaN,NaN,NaN,NaN,NaN,NaN,2643600,498960,1.321584,1,0,0,1,0.1961,0.4,0,MAT,NH4,C,NaN
21.152495697074,8.43876795820636,2.4732253250906,3.30648049456406,NaN,NaN,NaN,NaN,NaN,NaN,NaN,3636100,669930,1.225632,1,0,0,1,0.1961,0.4,0,MAT,NH4,C,NaN
18.5308089500861,6.96676099259904,2.52165849499041,3.14259219782562,NaN,NaN,NaN,NaN,NaN,NaN,NaN,2018500,242050,1.138128,1,0,0,1,0.1961,0.4,0,MAT,NH4,C,NaN
38.1383820998279,14.7419460165433,2.54877424856107,3.1929013003624,NaN,NaN,NaN,NaN,NaN,NaN,NaN,NaN,NaN,0,0,0,0,NaN,0.1961,0.4,0,MAT,NH4,C,NaN
39.9449225473322,13.9929690901175,2.79571519931784,3.22104028991686,NaN,NaN,NaN,NaN,NaN,NaN,NaN,3174900,309800,1.345456,1,0,1,2,0.1961,0.4,0,MAT,NH4,C,NaN
26.9246127366609,10.1641488898563,2.66610530803667,3.26827968450224,NaN,NaN,NaN,NaN,NaN,NaN,NaN,NaN,NaN,0,0,0,0,NaN,0.1961,0.4,0,MAT,NH4,C,NaN
28.2244406196213,10.602111449717,2.57554892347048,3.16390961415476,NaN,NaN,NaN,NaN,NaN,NaN,NaN,6397700,214690,8.11264,2,0,0,3,0.1961,0.4,0,MAT,NH4,C,NaN
27.8278829604131,10.6515672616456,2.49778298870177,3.1362822425922,NaN,NaN,NaN,NaN,NaN,NaN,NaN,2552500,304820,1.27248,1,0,0,1,0.1961,0.4,0,MAT,NH4,C,NaN
37.2351118760757,13.5736395298215,2.77166915369857,3.30375186527393,NaN,NaN,NaN,NaN,NaN,NaN,NaN,3975700,151030,5.70384,2,0,0,3,0.1961,0.4,0,MAT,NH4,C,NaN
24.4571428571429,9.2795167609926,2.38556810914517,2.8598379876359,NaN,NaN,NaN,NaN,NaN,NaN,NaN,2807500,484440,1.405712,1,0,0,1,0.1961,0.4,0,MAT,NH4,C,NaN
23.5318416523236,9.16597736177623,2.51244937113622,2.97068855254743,NaN,NaN,NaN,NaN,NaN,NaN,NaN,4268100,452910,4.9408,2,0,0,3,0.1961,0.4,0,MAT,NH4,C,NaN
26.3077452667814,10.314954288202,2.34310381581752,2.90503091025368,NaN,NaN,NaN,NaN,NaN,NaN,NaN,NaN,NaN,0,0,0,0,NaN,0.1961,0.4,0,MAT,NH4,C,NaN
-2.02409638554217,-2.89497170222029,-0.48784907269239,-0.48784907269239,NaN,NaN,NaN,NaN,NaN,NaN,NaN,0,0,0,0,0,0,NaN,0.1961,0.4,0,MAT,NH4,C,NaN
25.4705679862306,9.21282107096212,2.59874227243658,3.44171818375613,NaN,NaN,NaN,NaN,NaN,NaN,NaN,2302300,267030,1.54,1,0,0,1,0.1961,0.4,0,MAT,NH4,C,NaN
-2.02409638554217,-2.89497170222029,-0.48784907269239,-0.48784907269239,NaN,NaN,NaN,NaN,NaN,NaN,NaN,0,0,0,0,0,0,NaN,0.1961,0.4,0,MAT,NH4,C,NaN
34.5473321858864,12.9806922072268,2.50869750586229,3.02884246429333,NaN,NaN,NaN,NaN,NaN,NaN,NaN,2328100,44696,0.809152,1,0,0,1,0.1961,0.4,0,MAT,NH4,C,NaN
30.1191049913941,10.7424684370919,2.89599232573012,3.52067789383927,NaN,NaN,NaN,NaN,NaN,NaN,NaN,2619300,288400,1.327696,1,0,0,1,0.1961,0.4,0,MAT,NH4,C,NaN
17.1648881239243,7.25983892033087,2.26772543167768,2.79537412065658,NaN,NaN,NaN,NaN,NaN,NaN,NaN,1667100,301120,1.64528,1,0,0,1,0.1961,0.4,0,MAT,NH4,C,NaN
20.8660929432014,7.62361776229865,2.54041782136005,3.29027925815391,NaN,NaN,NaN,NaN,NaN,NaN,NaN,2245400,305980,1.28608,1,0,0,1,0.1961,0.4,0,MAT,NH4,C,NaN
29.4141135972461,13.4590552895081,2.1684715412492,2.6961202302281,NaN,NaN,NaN,NaN,NaN,NaN,NaN,3751900,339450,8.46288,2,0,0,3,0.1961,0.4,0,MAT,NH4,C,NaN
26.6822719449225,10.1033739660427,2.54041782136005,3.12792581539117,NaN,NaN,NaN,NaN,NaN,NaN,NaN,NaN,NaN,0,0,0,0,NaN,0.1961,0.4,0,MAT,NH4,C,NaN
21.152495697074,6.85235089246844,2.67173310594756,3.15367725431678,NaN,NaN,NaN,NaN,NaN,NaN,NaN,1683400,182190,1.26968,1,0,0,1,0.1961,0.4,0,MAT,NH4,C,NaN
36.8385542168675,14.6827383543753,2.51927094436154,3.32660413557877,NaN,NaN,NaN,NaN,NaN,NaN,NaN,NaN,NaN,0,0,0,0,NaN,0.1961,0.4,0,MAT,NH4,C,NaN
-2.02409638554217,-2.89497170222029,-0.48784907269239,-0.48784907269239,NaN,NaN,NaN,NaN,NaN,NaN,NaN,0,0,0,0,0,0,NaN,0.1961,0.4,0,MAT,NH4,C,NaN
40.4956970740103,14.0324989116239,2.86768279684502,3.38748667661479,NaN,NaN,NaN,NaN,NaN,NaN,NaN,2826100,137340,1.33576,1,0,0,1,0.1961,0.4,0,MAT,NH4,C,NaN
38.4468158347676,13.2037657814541,2.82402472820294,3.44905137497335,NaN,NaN,NaN,NaN,NaN,NaN,NaN,2455500,89167,7.94128,2,0,0,3,0.1961,0.4,0,MAT,NH4,C,NaN
27.7617900172117,10.1676316935133,2.57998294606694,3.08460882541036,NaN,NaN,NaN,NaN,NaN,NaN,NaN,1901100,141560,1.554368,1,0,0,1,0.1961,0.4,0,MAT,NH4,C,NaN
16.6581755593804,6.87394427514149,2.46316350458324,3.24917927947133,NaN,NaN,NaN,NaN,NaN,NaN,NaN,1152600,138390,1.475808,1,0,0,1,0.1961,0.4,0,MAT,NH4,C,NaN
25.2943201376936,9.35613844144537,2.59669580046898,3.12076316350458,NaN,NaN,NaN,NaN,NaN,NaN,NaN,NaN,NaN,0,0,0,0,NaN,0.1961,0.4,0,MAT,NH4,C,NaN
27.5414802065405,10.4998911623857,2.3656150074611,2.74881688339373,NaN,NaN,NaN,NaN,NaN,NaN,NaN,1550700,114860,1.434224,1,0,0,1,0.1961,0.4,0,MAT,NH4,C,NaN
34.1067125645439,12.1967131040488,2.81447452568749,3.4956086122362,NaN,NaN,NaN,NaN,NaN,NaN,NaN,2171600,150090,1.534512,1,0,0,1,0.1961,0.4,0,MAT,NH4,C,NaN
-2.02409638554217,-2.89497170222029,-0.48784907269239,-0.48784907269239,NaN,NaN,NaN,NaN,NaN,NaN,NaN,0,0,0,0,0,0,NaN,0.1961,0.4,0,MAT,NH4,C,NaN
-2.02409638554217,-2.89497170222029,-0.48784907269239,-0.48784907269239,NaN,NaN,NaN,NaN,NaN,NaN,NaN,0,0,0,0,0,0,NaN,0.1961,0.4,0,MAT,NH4,C,NaN
14.3889845094664,9.97851545494123,1.41775740780217,1.94046045619271,NaN,NaN,NaN,NaN,NaN,NaN,NaN,3480400,960420,1.379568,1,0,0,1,0.1961,0.4,0,MAT,NH4,C,NaN
33.423752151463,12.5584022638224,2.70311234278405,3.54472393945854,NaN,NaN,NaN,NaN,NaN,NaN,NaN,NaN,NaN,0,0,0,0,NaN,0.1961,0.4,0,MAT,NH4,C,NaN
19.8306368330465,7.22274706138442,2.74284800682157,3.40454060967811,NaN,NaN,NaN,NaN,NaN,NaN,NaN,NaN,NaN,0,0,0,0,NaN,0.1961,0.4,0,MAT,NH4,C,NaN
35.2302925989673,14.2036787113626,2.46674483052654,2.86069068428906,NaN,NaN,NaN,NaN,NaN,NaN,NaN,2555000,166660,10.1424,2,0,0,3,0.1961,0.4,0,MAT,NH4,C,NaN
21.4609294320138,8.0673269481933,2.54229375399702,3.0549349818802,NaN,NaN,NaN,NaN,NaN,NaN,NaN,1885100,255030,1.475408,1,0,0,1,0.1961,0.4,0,MAT,NH4,C,NaN
34.5693631669535,15.3584022638224,2.34122788318056,2.72153059049243,NaN,NaN,NaN,NaN,NaN,NaN,NaN,NaN,NaN,0,0,0,0,NaN,0.1961,0.4,0,MAT,NH4,C,NaN
29.039586919105,12.7762516325642,2.20905990193988,2.7522276700064,NaN,NaN,NaN,NaN,NaN,NaN,NaN,2748100,222060,7.93456,2,0,0,3,0.1961,0.4,0,MAT,NH4,C,NaN
-2.02409638554217,-2.89497170222029,-0.48784907269239,-0.48784907269239,NaN,NaN,NaN,NaN,NaN,NaN,NaN,0,0,0,0,0,0,NaN,0.1961,0.4,0,MAT,NH4,C,NaN
-2.02409638554217,-2.89497170222029,-0.48784907269239,-0.48784907269239,NaN,NaN,NaN,NaN,NaN,NaN,NaN,0,0,0,0,0,0,NaN,0.1961,0.4,0,MAT,NH4,C,NaN
18.5748709122203,8.7957553330431,2.35657642293754,2.84977616712854,NaN,NaN,NaN,NaN,NaN,NaN,NaN,NaN,NaN,0,0,0,0,NaN,0.1961,0.4,0,MAT,NH4,C,NaN
18.2223752151463,10.0917065737919,2.11253464080154,2.60351737369431,NaN,NaN,NaN,NaN,NaN,NaN,NaN,1427000,115550,1.1872,1,0,0,1,0.1961,0.4,0,MAT,NH4,C,NaN
41.9277108433735,15.0780365694384,2.67395011724579,3.08836069068429,NaN,NaN,NaN,NaN,NaN,NaN,NaN,NaN,NaN,0,0,0,0,NaN,0.1961,0.4,0,MAT,NH4,C,NaN
35.5166953528399,13.0635829342621,2.67940737582605,3.09774035386911,NaN,NaN,NaN,NaN,NaN,NaN,NaN,2611300,114390,1.188592,1,0,0,1,0.1961,0.4,0,MAT,NH4,C,NaN
