cell_area,cell_length,cell_width_avg,cell_width_max,dye_area,dye_length,dye_width,dye_delta,ratio_area,ratio_length,ratio_width,DNA_intensity,DNA_perNuc,nuclei_delta,nucleiNr,mid2_check,cut3_check,cycle_phase,growth_rate,OD_extraction,stain_check,analysis_mode,condition,replica,tPoint
-2.02409638554217,-2.89497170222029,-0.48784907269239,-0.48784907269239,NaN,NaN,NaN,NaN,NaN,NaN,NaN,0,0,0,0,0,0,NaN,0.0587,0.4,0,MAT,Trp,C,NaN
-2.02409638554217,-2.89497170222029,-0.48784907269239,-0.48784907269239,NaN,NaN,NaN,NaN,NaN,NaN,NaN,0,0,0,0,0,0,NaN,0.0587,0.4,0,MAT,Trp,C,NaN
-2.02409638554217,-2.89497170222029,-0.48784907269239,-0.48784907269239,NaN,NaN,NaN,NaN,NaN,NaN,NaN,0,0,0,0,0,0,NaN,0.0587,0.4,0,MAT,Trp,C,NaN
-2.02409638554217,-2.89497170222029,-0.48784907269239,-0.48784907269239,NaN,NaN,NaN,NaN,NaN,NaN,NaN,0,0,0,0,0,0,NaN,0.0587,0.4,0,MAT,Trp,C,NaN
7.53734939759036,2.55892468437092,2.43110211042422,3.20620336815178,NaN,NaN,NaN,NaN,NaN,NaN,NaN,6119100,1204500,1.345008,1,0,0,1,0.0587,0.4,0,MAT,Trp,C,NaN
15.9972461273666,5.98339138006095,2.77627371562567,3.67518652739288,NaN,NaN,NaN,NaN,NaN,NaN,NaN,NaN,NaN,0,0,0,0,NaN,0.0587,0.4,0,MAT,Trp,C,NaN
-2.02409638554217,-2.89497170222029,-0.48784907269239,-0.48784907269239,NaN,NaN,NaN,NaN,NaN,NaN,NaN,0,0,0,0,0,0,NaN,0.0587,0.4,0,MAT,Trp,C,NaN
-2.02409638554217,-2.89497170222029,-0.48784907269239,-0.48784907269239,NaN,NaN,NaN,NaN,NaN,NaN,NaN,0,0,0,0,0,0,NaN,0.0587,0.4,0,MAT,Trp,C,NaN
17.8698795180723,6.20124074880279,2.85148156043488,3.50413557876785,NaN,NaN,NaN,NaN,NaN,NaN,NaN,5214300,1231500,1.57856,1,0,1,2,0.0587,0.4,0,MAT,Trp,C,NaN
24.0165232358003,8.44608184588594,2.89343423577062,3.8776167128544,NaN,NaN,NaN,NaN,NaN,NaN,NaN,NaN,NaN,0,0,0,0,NaN,0.0587,0.4,0,MAT,Trp,C,NaN
-2.02409638554217,-2.89497170222029,-0.48784907269239,-0.48784907269239,NaN,NaN,NaN,NaN,NaN,NaN,NaN,0,0,0,0,0,0,NaN,0.0587,0.4,0,MAT,Trp,C,NaN
18.5969018932874,6.42170222028733,2.76143679386058,3.29437220208911,NaN,NaN,NaN,NaN,NaN,NaN,NaN,4443900,605050,5.12096,2,1,0,4,0.0587,0.4,0,MAT,Trp,C,NaN
-2.02409638554217,-2.89497170222029,-0.48784907269239,-0.48784907269239,NaN,NaN,NaN,NaN,NaN,NaN,NaN,0,0,0,0,0,0,NaN,0.0587,0.4,0,MAT,Trp,C,NaN
-2.02409638554217,-2.89497170222029,-0.48784907269239,-0.48784907269239,NaN,NaN,NaN,NaN,NaN,NaN,NaN,0,0,0,0,0,0,NaN,0.0587,0.4,0,MAT,Trp,C,NaN
25.2061962134251,10.3323683064867,2.70481773609039,3.56058409720742,NaN,NaN,NaN,NaN,NaN,NaN,NaN,NaN,NaN,0,0,0,0,NaN,0.0587,0.4,0,MAT,Trp,C,NaN
-2.02409638554217,-2.89497170222029,-0.48784907269239,-0.48784907269239,NaN,NaN,NaN,NaN,NaN,NaN,NaN,0,0,0,0,0,0,NaN,0.0587,0.4,0,MAT,Trp,C,NaN
15.5566265060241,6.23293426208098,2.54416968663398,3.61549776167129,NaN,NaN,NaN,NaN,NaN,NaN,NaN,3434500,735450,1.373792,1,0,0,1,0.0587,0.4,0,MAT,Trp,C,NaN
15.5566265060241,6.54725729212016,2.52029418034534,3.23144318908548,NaN,NaN,NaN,NaN,NaN,NaN,NaN,5109500,1262400,1.362512,1,0,0,1,0.0587,0.4,0,MAT,Trp,C,NaN
-2.02409638554217,-2.89497170222029,-0.48784907269239,-0.48784907269239,NaN,NaN,NaN,NaN,NaN,NaN,NaN,0,0,0,0,0,0,NaN,0.0587,0.4,0,MAT,Trp,C,NaN
-2.02409638554217,-2.89497170222029,-0.48784907269239,-0.48784907269239,NaN,NaN,NaN,NaN,NaN,NaN,NaN,0,0,0,0,0,0,NaN,0.0587,0.4,0,MAT,Trp,C,NaN
-2.02409638554217,-2.89497170222029,-0.48784907269239,-0.48784907269239,NaN,NaN,NaN,NaN,NaN,NaN,NaN,0,0,0,0,0,0,NaN,0.0587,0.4,0,MAT,Trp,C,NaN
-2.02409638554217,-2.89497170222029,-0.48784907269239,-0.48784907269239,NaN,NaN,NaN,NaN,NaN,NaN,NaN,0,0,0,0,0,0,NaN,0.0587,0.4,0,MAT,Trp,C,NaN
-2.02409638554217,-2.89497170222029,-0.48784907269239,-0.48784907269239,NaN,NaN,NaN,NaN,NaN,NaN,NaN,0,0,0,0,0,0,NaN,0.0587,0.4,0,MAT,Trp,C,NaN
-2.02409638554217,-2.89497170222029,-0.48784907269239,-0.48784907269239,NaN,NaN,NaN,NaN,NaN,NaN,NaN,0,0,0,0,0,0,NaN,0.0587,0.4,0,MAT,Trp,C,NaN
-2.02409638554217,-2.89497170222029,-0.48784907269239,-0.48784907269239,NaN,NaN,NaN,NaN,NaN,NaN,NaN,0,0,0,0,0,0,NaN,0.0587,0.4,0,MAT,Trp,C,NaN
-2.02409638554217,-2.89497170222029,-0.48784907269239,-0.48784907269239,NaN,NaN,NaN,NaN,NaN,NaN,NaN,0,0,0,0,0,0,NaN,0.0587,0.4,0,MAT,Trp,C,NaN
-2.02409638554217,-2.89497170222029,-0.48784907269239,-0.48784907269239,NaN,NaN,NaN,NaN,NaN,NaN,NaN,0,0,0,0,0,0,NaN,0.0587,0.4,0,MAT,Trp,C,NaN
21.4609294320138,7.77233347845015,2.89428693242379,3.77239394585376,NaN,NaN,NaN,NaN,NaN,NaN,NaN,NaN,NaN,0,0,0,0,NaN,0.0587,0.4,0,MAT,Trp,C,NaN
-2.02409638554217,-2.89497170222029,-0.48784907269239,-0.48784907269239,NaN,NaN,NaN,NaN,NaN,NaN,NaN,0,0,0,0,0,0,NaN,0.0587,0.4,0,MAT,Trp,C,NaN
15.1160068846816,5.23807139747497,2.92140268599446,3.84845448731614,NaN,NaN,NaN,NaN,NaN,NaN,NaN,5686300,514040,0.953408,1,0,0,1,0.0587,0.4,0,MAT,Trp,C,NaN
23.1573149741824,9.21647801480192,2.65945427414197,3.25531869537412,NaN,NaN,NaN,NaN,NaN,NaN,NaN,5032000,1185500,1.420128,1,0,1,2,0.0587,0.4,0,MAT,Trp,C,NaN
14.1686746987952,4.54464518937745,2.59601364314645,3.4672990833511,NaN,NaN,NaN,NaN,NaN,NaN,NaN,4889200,1122700,1.226128,1,0,0,1,0.0587,0.4,0,MAT,Trp,C,NaN
-2.02409638554217,-2.89497170222029,-0.48784907269239,-0.48784907269239,NaN,NaN,NaN,NaN,NaN,NaN,NaN,0,0,0,0,0,0,NaN,0.0587,0.4,0,MAT,Trp,C,NaN
-2.02409638554217,-2.89497170222029,-0.48784907269239,-0.48784907269239,NaN,NaN,NaN,NaN,NaN,NaN,NaN,0,0,0,0,0,0,NaN,0.0587,0.4,0,MAT,Trp,C,NaN
9.78450946643718,5.18008271658685,1.9239181411213,2.59089746322746,NaN,NaN,NaN,NaN,NaN,NaN,NaN,7115400,1230600,1.48288,1,0,0,1,0.0587,0.4,0,MAT,Trp,C,NaN
-2.02409638554217,-2.89497170222029,-0.48784907269239,-0.48784907269239,NaN,NaN,NaN,NaN,NaN,NaN,NaN,0,0,0,0,0,0,NaN,0.0587,0.4,0,MAT,Trp,C,NaN
12.9790017211704,5.13724423160644,2.65314431890855,3.53483265828182,NaN,NaN,NaN,NaN,NaN,NaN,NaN,4733000,1126600,1.35296,1,0,0,1,0.0587,0.4,0,MAT,Trp,C,NaN
19.3679862306368,7.127492381367,2.76791728842464,3.85817522916223,NaN,NaN,NaN,NaN,NaN,NaN,NaN,NaN,NaN,0,0,0,0,NaN,0.0587,0.4,0,MAT,Trp,C,NaN
15.35834767642,5.65600783630823,2.87962054998934,3.71014709017267,NaN,NaN,NaN,NaN,NaN,NaN,NaN,NaN,NaN,0,0,0,0,NaN,0.0587,0.4,0,MAT,Trp,C,NaN
-2.02409638554217,-2.89497170222029,-0.48784907269239,-0.48784907269239,NaN,NaN,NaN,NaN,NaN,NaN,NaN,0,0,0,0,0,0,NaN,0.0587,0.4,0,MAT,Trp,C,NaN
12.8908777969019,4.04730082716587,2.61204434022596,3.25241952675336,NaN,NaN,NaN,NaN,NaN,NaN,NaN,5272100,928540,1.20704,1,0,0,1,0.0587,0.4,0,MAT,Trp,C,NaN
16.7022375215146,5.74046582498912,2.82248987422724,3.56552973779578,NaN,NaN,NaN,NaN,NaN,NaN,NaN,4847000,1306200,1.441712,1,0,0,1,0.0587,0.4,0,MAT,Trp,C,NaN
-2.02409638554217,-2.89497170222029,-0.48784907269239,-0.48784907269239,NaN,NaN,NaN,NaN,NaN,NaN,NaN,0,0,0,0,0,0,NaN,0.0587,0.4,0,MAT,Trp,C,NaN
14.4991394148021,5.56667392250762,2.46981453847794,3.57610317629503,NaN,NaN,NaN,NaN,NaN,NaN,NaN,5033200,833030,1.158672,1,0,0,1,0.0587,0.4,0,MAT,Trp,C,NaN
-2.02409638554217,-2.89497170222029,-0.48784907269239,-0.48784907269239,NaN,NaN,NaN,NaN,NaN,NaN,NaN,0,0,0,0,0,0,NaN,0.0587,0.4,0,MAT,Trp,C,NaN
13.4857142857143,4.64303439268611,2.81208697505862,3.63221061607333,NaN,NaN,NaN,NaN,NaN,NaN,NaN,1373200,305920,1.409008,1,0,0,1,0.0587,0.4,0,MAT,Trp,C,NaN
16.5259896729776,5.3045929473226,2.82180771690471,3.81690471114901,NaN,NaN,NaN,NaN,NaN,NaN,NaN,4148900,716200,1.345456,1,0,0,1,0.0587,0.4,0,MAT,Trp,C,NaN
-2.02409638554217,-2.89497170222029,-0.48784907269239,-0.48784907269239,NaN,NaN,NaN,NaN,NaN,NaN,NaN,0,0,0,0,0,0,NaN,0.0587,0.4,0,MAT,Trp,C,NaN
-2.02409638554217,-2.89497170222029,-0.48784907269239,-0.48784907269239,NaN,NaN,NaN,NaN,NaN,NaN,NaN,0,0,0,0,0,0,NaN,0.0587,0.4,0,MAT,Trp,C,NaN
22.7827882960413,8.3031127557684,2.88985290982733,3.61635045832445,NaN,NaN,NaN,NaN,NaN,NaN,NaN,4948500,985910,1.337136,1,0,0,1,0.0587,0.4,0,MAT,Trp,C,NaN
-2.02409638554217,-2.89497170222029,-0.48784907269239,-0.48784907269239,NaN,NaN,NaN,NaN,NaN,NaN,NaN,0,0,0,0,0,0,NaN,0.0587,0.4,0,MAT,Trp,C,NaN
-2.02409638554217,-2.89497170222029,-0.48784907269239,-0.48784907269239,NaN,NaN,NaN,NaN,NaN,NaN,NaN,0,0,0,0,0,0,NaN,0.0587,0.4,0,MAT,Trp,C,NaN
-2.02409638554217,-2.89497170222029,-0.48784907269239,-0.48784907269239,NaN,NaN,NaN,NaN,NaN,NaN,NaN,0,0,0,0,0,0,NaN,0.0587,0.4,0,MAT,Trp,C,NaN
-2.02409638554217,-2.89497170222029,-0.48784907269239,-0.48784907269239,NaN,NaN,NaN,NaN,NaN,NaN,NaN,0,0,0,0,0,0,NaN,0.0587,0.4,0,MAT,Trp,C,NaN
-2.02409638554217,-2.89497170222029,-0.48784907269239,-0.48784907269239,NaN,NaN,NaN,NaN,NaN,NaN,NaN,0,0,0,0,0,0,NaN,0.0587,0.4,0,MAT,Trp,C,NaN
16.4819277108434,6.02744884632129,2.65365593690045,3.34331698998081,NaN,NaN,NaN,NaN,NaN,NaN,NaN,4250200,1003300,1.461312,1,0,0,1,0.0587,0.4,0,MAT,Trp,C,NaN
-2.02409638554217,-2.89497170222029,-0.48784907269239,-0.48784907269239,NaN,NaN,NaN,NaN,NaN,NaN,NaN,0,0,0,0,0,0,NaN,0.0587,0.4,0,MAT,Trp,C,NaN
-2.02409638554217,-2.89497170222029,-0.48784907269239,-0.48784907269239,NaN,NaN,NaN,NaN,NaN,NaN,NaN,0,0,0,0,0,0,NaN,0.0587,0.4,0,MAT,Trp,C,NaN
9.38795180722892,4.6193513278189,2.0320400767427,2.84721807716905,NaN,NaN,NaN,NaN,NaN,NaN,NaN,NaN,NaN,0,0,0,0,NaN,0.0587,0.4,0,MAT,Trp,C,NaN
21.2626506024096,9.19471049194602,2.64990407162652,3.56331272649755,NaN,NaN,NaN,NaN,NaN,NaN,NaN,NaN,NaN,0,0,0,0,NaN,0.0587,0.4,0,MAT,Trp,C,NaN
17.8919104991394,7.99854157596866,2.44866766147943,3.55035173736943,NaN,NaN,NaN,NaN,NaN,NaN,NaN,7867100,775320,4.56976,2,0,0,3,0.0587,0.4,0,MAT,Trp,C,NaN
-2.02409638554217,-2.89497170222029,-0.48784907269239,-0.48784907269239,NaN,NaN,NaN,NaN,NaN,NaN,NaN,0,0,0,0,0,0,NaN,0.0587,0.4,0,MAT,Trp,C,NaN
21.9456110154905,7.60811928602525,2.77712641227883,3.31944148369218,NaN,NaN,NaN,NaN,NaN,NaN,NaN,5587900,911160,1.155296,1,0,0,1,0.0587,0.4,0,MAT,Trp,C,NaN
-2.02409638554217,-2.89497170222029,-0.48784907269239,-0.48784907269239,NaN,NaN,NaN,NaN,NaN,NaN,NaN,0,0,0,0,0,0,NaN,0.0587,0.4,0,MAT,Trp,C,NaN
-2.02409638554217,-2.89497170222029,-0.48784907269239,-0.48784907269239,NaN,NaN,NaN,NaN,NaN,NaN,NaN,0,0,0,0,0,0,NaN,0.0587,0.4,0,MAT,Trp,C,NaN
-2.02409638554217,-2.89497170222029,-0.48784907269239,-0.48784907269239,NaN,NaN,NaN,NaN,NaN,NaN,NaN,0,0,0,0,0,0,NaN,0.0587,0.4,0,MAT,Trp,C,NaN
-2.02409638554217,-2.89497170222029,-0.48784907269239,-0.48784907269239,NaN,NaN,NaN,NaN,NaN,NaN,NaN,0,0,0,0,0,0,NaN,0.0587,0.4,0,MAT,Trp,C,NaN
3.32943201376936,1.73715716151502,1.08948625026647,1.54020464719676,NaN,NaN,NaN,NaN,NaN,NaN,NaN,3534100,926340,1.569472,1,0,0,1,0.0587,0.4,0,MAT,Trp,C,NaN
-2.02409638554217,-2.89497170222029,-0.48784907269239,-0.48784907269239,NaN,NaN,NaN,NaN,NaN,NaN,NaN,0,0,0,0,0,0,NaN,0.0587,0.4,0,MAT,Trp,C,NaN
-2.02409638554217,-2.89497170222029,-0.48784907269239,-0.48784907269239,NaN,NaN,NaN,NaN,NaN,NaN,NaN,0,0,0,0,0,0,NaN,0.0587,0.4,0,MAT,Trp,C,NaN
-2.02409638554217,-2.89497170222029,-0.48784907269239,-0.48784907269239,NaN,NaN,NaN,NaN,NaN,NaN,NaN,0,0,0,0,0,0,NaN,0.0587,0.4,0,MAT,Trp,C,NaN
-2.02409638554217,-2.89497170222029,-0.48784907269239,-0.48784907269239,NaN,NaN,NaN,NaN,NaN,NaN,NaN,0,0,0,0,0,0,NaN,0.0587,0.4,0,MAT,Trp,C,NaN
-2.02409638554217,-2.89497170222029,-0.48784907269239,-0.48784907269239,NaN,NaN,NaN,NaN,NaN,NaN,NaN,0,0,0,0,0,0,NaN,0.0587,0.4,0,MAT,Trp,C,NaN
-2.02409638554217,-2.89497170222029,-0.48784907269239,-0.48784907269239,NaN,NaN,NaN,NaN,NaN,NaN,NaN,0,0,0,0,0,0,NaN,0.0587,0.4,0,MAT,Trp,C,NaN
-2.02409638554217,-2.89497170222029,-0.48784907269239,-0.48784907269239,NaN,NaN,NaN,NaN,NaN,NaN,NaN,0,0,0,0,0,0,NaN,0.0587,0.4,0,MAT,Trp,C,NaN
-2.02409638554217,-2.89497170222029,-0.48784907269239,-0.48784907269239,NaN,NaN,NaN,NaN,NaN,NaN,NaN,0,0,0,0,0,0,NaN,0.0587,0.4,0,MAT,Trp,C,NaN
-2.02409638554217,-2.89497170222029,-0.48784907269239,-0.48784907269239,NaN,NaN,NaN,NaN,NaN,NaN,NaN,0,0,0,0,0,0,NaN,0.0587,0.4,0,MAT,Trp,C,NaN
13.3755593803787,4.35918589464519,2.66508207205287,3.33393732679599,NaN,NaN,NaN,NaN,NaN,NaN,NaN,3707700,920510,1.337696,1,0,0,1,0.0587,0.4,0,MAT,Trp,C,NaN
-2.02409638554217,-2.89497170222029,-0.48784907269239,-0.48784907269239,NaN,NaN,NaN,NaN,NaN,NaN,NaN,0,0,0,0,0,0,NaN,0.0587,0.4,0,MAT,Trp,C,NaN
-2.02409638554217,-2.89497170222029,-0.48784907269239,-0.48784907269239,NaN,NaN,NaN,NaN,NaN,NaN,NaN,0,0,0,0,0,0,NaN,0.0587,0.4,0,MAT,Trp,C,NaN
-2.02409638554217,-2.89497170222029,-0.48784907269239,-0.48784907269239,NaN,NaN,NaN,NaN,NaN,NaN,NaN,0,0,0,0,0,0,NaN,0.0587,0.4,0,MAT,Trp,C,NaN
-2.02409638554217,-2.89497170222029,-0.48784907269239,-0.48784907269239,NaN,NaN,NaN,NaN,NaN,NaN,NaN,0,0,0,0,0,0,NaN,0.0587,0.4,0,MAT,Trp,C,NaN
11.9435456110155,4.70955594253374,2.57435514815604,3.53415050095928,NaN,NaN,NaN,NaN,NaN,NaN,NaN,2036700,395340,1.297712,1,0,0,1,0.0587,0.4,0,MAT,Trp,C,NaN
13.0230636833046,5.14420983892033,2.65092730761032,3.30903858452356,NaN,NaN,NaN,NaN,NaN,NaN,NaN,3362500,815970,1.206032,1,0,0,1,0.0587,0.4,0,MAT,Trp,C,NaN
-2.02409638554217,-2.89497170222029,-0.48784907269239,-0.48784907269239,NaN,NaN,NaN,NaN,NaN,NaN,NaN,0,0,0,0,0,0,NaN,0.0587,0.4,0,MAT,Trp,C,NaN
-2.02409638554217,-2.89497170222029,-0.48784907269239,-0.48784907269239,NaN,NaN,NaN,NaN,NaN,NaN,NaN,0,0,0,0,0,0,NaN,0.0587,0.4,0,MAT,Trp,C,NaN
-2.02409638554217,-2.89497170222029,-0.48784907269239,-0.48784907269239,NaN,NaN,NaN,NaN,NaN,NaN,NaN,0,0,0,0,0,0,NaN,0.0587,0.4,0,MAT,Trp,C,NaN
20.3373493975904,7.06985198084458,2.65860157748881,3.36139415902793,NaN,NaN,NaN,NaN,NaN,NaN,NaN,5564100,752220,1.044592,1,0,0,1,0.0587,0.4,0,MAT,Trp,C,NaN
-2.02409638554217,-2.89497170222029,-0.48784907269239,-0.48784907269239,NaN,NaN,NaN,NaN,NaN,NaN,NaN,0,0,0,0,0,0,NaN,0.0587,0.4,0,MAT,Trp,C,NaN
-2.02409638554217,-2.89497170222029,-0.48784907269239,-0.48784907269239,NaN,NaN,NaN,NaN,NaN,NaN,NaN,0,0,0,0,0,0,NaN,0.0587,0.4,0,MAT,Trp,C,NaN
15.8209982788296,5.88326077492382,2.63199744191004,3.25600085269665,NaN,NaN,NaN,NaN,NaN,NaN,NaN,NaN,NaN,0,0,0,0,NaN,0.0587,0.4,0,MAT,Trp,C,NaN
-2.02409638554217,-2.89497170222029,-0.48784907269239,-0.48784907269239,NaN,NaN,NaN,NaN,NaN,NaN,NaN,0,0,0,0,0,0,NaN,0.0587,0.4,0,MAT,Trp,C,NaN
-2.02409638554217,-2.89497170222029,-0.48784907269239,-0.48784907269239,NaN,NaN,NaN,NaN,NaN,NaN,NaN,0,0,0,0,0,0,NaN,0.0587,0.4,0,MAT,Trp,C,NaN
15.5786574870912,5.32461906835002,2.70174802813899,3.29044979748455,NaN,NaN,NaN,NaN,NaN,NaN,NaN,3657900,750310,1.314704,1,0,0,1,0.0587,0.4,0,MAT,Trp,C,NaN
18.5528399311532,6.50650848933391,2.82095502025155,3.62965252611383,NaN,NaN,NaN,NaN,NaN,NaN,NaN,4156300,812130,1.474896,1,0,0,1,0.0587,0.4,0,MAT,Trp,C,NaN
10.974182444062,4.96571615150196,2.13658068642081,3.26538051588147,NaN,NaN,NaN,NaN,NaN,NaN,NaN,9121000,1948200,1.385824,1,0,0,1,0.0587,0.4,0,MAT,Trp,C,NaN
12.4943201376936,4.597583804963,2.67480281389896,3.30375186527393,NaN,NaN,NaN,NaN,NaN,NaN,NaN,6596100,574380,2.52576,2,1,0,4,0.0587,0.4,0,MAT,Trp,C,NaN
-2.02409638554217,-2.89497170222029,-0.48784907269239,-0.48784907269239,NaN,NaN,NaN,NaN,NaN,NaN,NaN,0,0,0,0,0,0,NaN,0.0587,0.4,0,MAT,Trp,C,NaN
-2.02409638554217,-2.89497170222029,-0.48784907269239,-0.48784907269239,NaN,NaN,NaN,NaN,NaN,NaN,NaN,0,0,0,0,0,0,NaN,0.0587,0.4,0,MAT,Trp,C,NaN
-2.02409638554217,-2.89497170222029,-0.48784907269239,-0.48784907269239,NaN,NaN,NaN,NaN,NaN,NaN,NaN,0,0,0,0,0,0,NaN,0.0587,0.4,0,MAT,Trp,C,NaN
-2.02409638554217,-2.89497170222029,-0.48784907269239,-0.48784907269239,NaN,NaN,NaN,NaN,NaN,NaN,NaN,0,0,0,0,0,0,NaN,0.0587,0.4,0,MAT,Trp,C,NaN
-2.02409638554217,-2.89497170222029,-0.48784907269239,-0.48784907269239,NaN,NaN,NaN,NaN,NaN,NaN,NaN,0,0,0,0,0,0,NaN,0.0587,0.4,0,MAT,Trp,C,NaN
-2.02409638554217,-2.89497170222029,-0.48784907269239,-0.48784907269239,NaN,NaN,NaN,NaN,NaN,NaN,NaN,0,0,0,0,0,0,NaN,0.0587,0.4,0,MAT,Trp,C,NaN
-2.02409638554217,-2.89497170222029,-0.48784907269239,-0.48784907269239,NaN,NaN,NaN,NaN,NaN,NaN,NaN,0,0,0,0,0,0,NaN,0.0587,0.4,0,MAT,Trp,C,NaN
-2.02409638554217,-2.89497170222029,-0.48784907269239,-0.48784907269239,NaN,NaN,NaN,NaN,NaN,NaN,NaN,0,0,0,0,0,0,NaN,0.0587,0.4,0,MAT,Trp,C,NaN
25.536660929432,9.13602525032651,2.88422511191644,3.73538691110637,NaN,NaN,NaN,NaN,NaN,NaN,NaN,4564400,827530,1.307008,1,0,0,1,0.0587,0.4,0,MAT,Trp,C,NaN
15.7549053356282,4.68413147583805,2.71692602856534,3.59980814325304,NaN,NaN,NaN,NaN,NaN,NaN,NaN,3377100,509700,1.380656,1,0,0,1,0.0587,0.4,0,MAT,Trp,C,NaN
-2.02409638554217,-2.89497170222029,-0.48784907269239,-0.48784907269239,NaN,NaN,NaN,NaN,NaN,NaN,NaN,0,0,0,0,0,0,NaN,0.0587,0.4,0,MAT,Trp,C,NaN
14.7414802065404,5.03589464518938,2.70549989341292,3.67262843743338,NaN,NaN,NaN,NaN,NaN,NaN,NaN,3052800,737560,1.328256,1,0,0,1,0.0587,0.4,0,MAT,Trp,C,NaN
-2.02409638554217,-2.89497170222029,-0.48784907269239,-0.48784907269239,NaN,NaN,NaN,NaN,NaN,NaN,NaN,0,0,0,0,0,0,NaN,0.0587,0.4,0,MAT,Trp,C,NaN
-2.02409638554217,-2.89497170222029,-0.48784907269239,-0.48784907269239,NaN,NaN,NaN,NaN,NaN,NaN,NaN,0,0,0,0,0,0,NaN,0.0587,0.4,0,MAT,Trp,C,NaN
-2.02409638554217,-2.89497170222029,-0.48784907269239,-0.48784907269239,NaN,NaN,NaN,NaN,NaN,NaN,NaN,0,0,0,0,0,0,NaN,0.0587,0.4,0,MAT,Trp,C,NaN
-2.02409638554217,-2.89497170222029,-0.48784907269239,-0.48784907269239,NaN,NaN,NaN,NaN,NaN,NaN,NaN,0,0,0,0,0,0,NaN,0.0587,0.4,0,MAT,Trp,C,NaN
-2.02409638554217,-2.89497170222029,-0.48784907269239,-0.48784907269239,NaN,NaN,NaN,NaN,NaN,NaN,NaN,0,0,0,0,0,0,NaN,0.0587,0.4,0,MAT,Trp,C,NaN
-2.02409638554217,-2.89497170222029,-0.48784907269239,-0.48784907269239,NaN,NaN,NaN,NaN,NaN,NaN,NaN,0,0,0,0,0,0,NaN,0.0587,0.4,0,MAT,Trp,C,NaN
10.621686746988,3.98060513713539,2.44815604348753,3.35491366446387,NaN,NaN,NaN,NaN,NaN,NaN,NaN,2676800,612240,1.269296,1,0,0,1,0.0587,0.4,0,MAT,Trp,C,NaN
-2.02409638554217,-2.89497170222029,-0.48784907269239,-0.48784907269239,NaN,NaN,NaN,NaN,NaN,NaN,NaN,0,0,0,0,0,0,NaN,0.0587,0.4,0,MAT,Trp,C,NaN
-2.02409638554217,-2.89497170222029,-0.48784907269239,-0.48784907269239,NaN,NaN,NaN,NaN,NaN,NaN,NaN,0,0,0,0,0,0,NaN,0.0587,0.4,0,MAT,Trp,C,NaN
-2.02409638554217,-2.89497170222029,-0.48784907269239,-0.48784907269239,NaN,NaN,NaN,NaN,NaN,NaN,NaN,0,0,0,0,0,0,NaN,0.0587,0.4,0,MAT,Trp,C,NaN
-2.02409638554217,-2.89497170222029,-0.48784907269239,-0.48784907269239,NaN,NaN,NaN,NaN,NaN,NaN,NaN,0,0,0,0,0,0,NaN,0.0587,0.4,0,MAT,Trp,C,NaN
-2.02409638554217,-2.89497170222029,-0.48784907269239,-0.48784907269239,NaN,NaN,NaN,NaN,NaN,NaN,NaN,0,0,0,0,0,0,NaN,0.0587,0.4,0,MAT,Trp,C,NaN
14.7635111876076,6.52235524597301,2.25766361117033,3.37913024941377,NaN,NaN,NaN,NaN,NaN,NaN,NaN,3485100,115120,0.789632,1,0,0,1,0.0587,0.4,0,MAT,Trp,C,NaN
15.0278829604131,5.11582498911624,2.6415476444255,3.72532509059902,NaN,NaN,NaN,NaN,NaN,NaN,NaN,4180400,1123800,1.454464,1,0,0,1,0.0587,0.4,0,MAT,Trp,C,NaN
33.3135972461274,13.644862864606,2.33866979322106,2.93129396717118,NaN,NaN,NaN,NaN,NaN,NaN,NaN,NaN,NaN,0,0,0,0,NaN,0.0587,0.4,0,MAT,Trp,C,NaN
-2.02409638554217,-2.89497170222029,-0.48784907269239,-0.48784907269239,NaN,NaN,NaN,NaN,NaN,NaN,NaN,0,0,0,0,0,0,NaN,0.0587,0.4,0,MAT,Trp,C,NaN
14.8296041308089,6.19810622551154,2.57537838413984,3.22888509912599,NaN,NaN,NaN,NaN,NaN,NaN,NaN,4564300,1281500,1.263088,1,0,0,1,0.0587,0.4,0,MAT,Trp,C,NaN
20.9321858864028,7.54647366129734,2.66644638669793,3.28055851630782,NaN,NaN,NaN,NaN,NaN,NaN,NaN,4600600,643840,1.148464,1,0,0,1,0.0587,0.4,0,MAT,Trp,C,NaN
-2.02409638554217,-2.89497170222029,-0.48784907269239,-0.48784907269239,NaN,NaN,NaN,NaN,NaN,NaN,NaN,0,0,0,0,0,0,NaN,0.0587,0.4,0,MAT,Trp,C,NaN
-2.02409638554217,-2.89497170222029,-0.48784907269239,-0.48784907269239,NaN,NaN,NaN,NaN,NaN,NaN,NaN,0,0,0,0,0,0,NaN,0.0587,0.4,0,MAT,Trp,C,NaN
16.7242685025818,6.98104048759251,2.46503943722021,3.18710296312087,NaN,NaN,NaN,NaN,NaN,NaN,NaN,NaN,NaN,0,0,0,0,NaN,0.0587,0.4,0,MAT,Trp,C,NaN
-2.02409638554217,-2.89497170222029,-0.48784907269239,-0.48784907269239,NaN,NaN,NaN,NaN,NaN,NaN,NaN,0,0,0,0,0,0,NaN,0.0587,0.4,0,MAT,Trp,C,NaN
25.9552495697074,9.99540705267741,2.81464506501812,3.69428693242379,NaN,NaN,NaN,NaN,NaN,NaN,NaN,5303500,620850,7.01984,2,0,0,3,0.0587,0.4,0,MAT,Trp,C,NaN
-2.02409638554217,-2.89497170222029,-0.48784907269239,-0.48784907269239,NaN,NaN,NaN,NaN,NaN,NaN,NaN,0,0,0,0,0,0,NaN,0.0587,0.4,0,MAT,Trp,C,NaN
-2.02409638554217,-2.89497170222029,-0.48784907269239,-0.48784907269239,NaN,NaN,NaN,NaN,NaN,NaN,NaN,0,0,0,0,0,0,NaN,0.0587,0.4,0,MAT,Trp,C,NaN
19.1036144578313,6.50250326512843,2.89138776380303,3.77324664250693,NaN,NaN,NaN,NaN,NaN,NaN,NaN,3390200,898100,1.40288,1,0,0,1,0.0587,0.4,0,MAT,Trp,C,NaN
-2.02409638554217,-2.89497170222029,-0.48784907269239,-0.48784907269239,NaN,NaN,NaN,NaN,NaN,NaN,NaN,0,0,0,0,0,0,NaN,0.0587,0.4,0,MAT,Trp,C,NaN
18.7290877796902,7.7042446669569,2.50903858452356,3.51266254529951,NaN,NaN,NaN,NaN,NaN,NaN,NaN,5292800,1174400,1.321456,1,0,0,1,0.0587,0.4,0,MAT,Trp,C,NaN
13.9263339070568,5.96998258598172,2.47919420166276,3.45570240886805,NaN,NaN,NaN,NaN,NaN,NaN,NaN,5533300,347360,0.910624,1,0,1,2,0.0587,0.4,0,MAT,Trp,C,NaN
-2.02409638554217,-2.89497170222029,-0.48784907269239,-0.48784907269239,NaN,NaN,NaN,NaN,NaN,NaN,NaN,0,0,0,0,0,0,NaN,0.0587,0.4,0,MAT,Trp,C,NaN
-2.02409638554217,-2.89497170222029,-0.48784907269239,-0.48784907269239,NaN,NaN,NaN,NaN,NaN,NaN,NaN,0,0,0,0,0,0,NaN,0.0587,0.4,0,MAT,Trp,C,NaN
-2.02409638554217,-2.89497170222029,-0.48784907269239,-0.48784907269239,NaN,NaN,NaN,NaN,NaN,NaN,NaN,0,0,0,0,0,0,NaN,0.0587,0.4,0,MAT,Trp,C,NaN
8.9473321858864,4.30920766216804,1.70392240460456,2.48823278618631,NaN,NaN,NaN,NaN,NaN,NaN,NaN,2945800,845280,1.466448,1,0,0,1,0.0587,0.4,0,MAT,Trp,C,NaN
-2.02409638554217,-2.89497170222029,-0.48784907269239,-0.48784907269239,NaN,NaN,NaN,NaN,NaN,NaN,NaN,0,0,0,0,0,0,NaN,0.0587,0.4,0,MAT,Trp,C,NaN
13.2874354561102,5.40663909447105,2.31036026433596,3.50549989341292,NaN,NaN,NaN,NaN,NaN,NaN,NaN,NaN,NaN,0,0,0,0,NaN,0.0587,0.4,0,MAT,Trp,C,NaN
25.536660929432,9.08204179364389,2.88934129183543,3.42261777872522,NaN,NaN,NaN,NaN,NaN,NaN,NaN,3692600,571150,1.130832,1,0,0,1,0.0587,0.4,0,MAT,Trp,C,NaN
-2.02409638554217,-2.89497170222029,-0.48784907269239,-0.48784907269239,NaN,NaN,NaN,NaN,NaN,NaN,NaN,0,0,0,0,0,0,NaN,0.0587,0.4,0,MAT,Trp,C,NaN
24.4351118760757,8.63467566390945,2.67360903858452,3.53977829887018,NaN,NaN,NaN,NaN,NaN,NaN,NaN,3374600,299280,8.5536,2,0,0,3,0.0587,0.4,0,MAT,Trp,C,NaN
-2.02409638554217,-2.89497170222029,-0.48784907269239,-0.48784907269239,NaN,NaN,NaN,NaN,NaN,NaN,NaN,0,0,0,0,0,0,NaN,0.0587,0.4,0,MAT,Trp,C,NaN
5.09191049913942,2.64164127122334,1.51428266894052,2.06427201023236,NaN,NaN,NaN,NaN,NaN,NaN,NaN,NaN,NaN,0,0,0,0,NaN,0.0587,0.4,0,MAT,Trp,C,NaN
-2.02409638554217,-2.89497170222029,-0.48784907269239,-0.48784907269239,NaN,NaN,NaN,NaN,NaN,NaN,NaN,0,0,0,0,0,0,NaN,0.0587,0.4,0,MAT,Trp,C,NaN
12.4943201376936,3.79915106660862,2.64888083564272,3.25907056064805,NaN,NaN,NaN,NaN,NaN,NaN,NaN,7176800,1973700,1.428032,1,0,0,1,0.0587,0.4,0,MAT,Trp,C,NaN
-2.02409638554217,-2.89497170222029,-0.48784907269239,-0.48784907269239,NaN,NaN,NaN,NaN,NaN,NaN,NaN,0,0,0,0,0,0,NaN,0.0587,0.4,0,MAT,Trp,C,NaN
-2.02409638554217,-2.89497170222029,-0.48784907269239,-0.48784907269239,NaN,NaN,NaN,NaN,NaN,NaN,NaN,0,0,0,0,0,0,NaN,0.0587,0.4,0,MAT,Trp,C,NaN
20.5356282271945,9.79671310404876,2.35418887230868,3.25088467277766,NaN,NaN,NaN,NaN,NaN,NaN,NaN,NaN,NaN,0,0,0,0,NaN,0.0587,0.4,0,MAT,Trp,C,NaN
-2.02409638554217,-2.89497170222029,-0.48784907269239,-0.48784907269239,NaN,NaN,NaN,NaN,NaN,NaN,NaN,0,0,0,0,0,0,NaN,0.0587,0.4,0,MAT,Trp,C,NaN
-2.02409638554217,-2.89497170222029,-0.48784907269239,-0.48784907269239,NaN,NaN,NaN,NaN,NaN,NaN,NaN,0,0,0,0,0,0,NaN,0.0587,0.4,0,MAT,Trp,C,NaN
-2.02409638554217,-2.89497170222029,-0.48784907269239,-0.48784907269239,NaN,NaN,NaN,NaN,NaN,NaN,NaN,0,0,0,0,0,0,NaN,0.0587,0.4,0,MAT,Trp,C,NaN
-2.02409638554217,-2.89497170222029,-0.48784907269239,-0.48784907269239,NaN,NaN,NaN,NaN,NaN,NaN,NaN,0,0,0,0,0,0,NaN,0.0587,0.4,0,MAT,Trp,C,NaN
-2.02409638554217,-2.89497170222029,-0.48784907269239,-0.48784907269239,NaN,NaN,NaN,NaN,NaN,NaN,NaN,0,0,0,0,0,0,NaN,0.0587,0.4,0,MAT,Trp,C,NaN
-2.02409638554217,-2.89497170222029,-0.48784907269239,-0.48784907269239,NaN,NaN,NaN,NaN,NaN,NaN,NaN,0,0,0,0,0,0,NaN,0.0587,0.4,0,MAT,Trp,C,NaN
14.1246127366609,4.62979973878973,2.59993604775101,3.34297591131955,NaN,NaN,NaN,NaN,NaN,NaN,NaN,2425000,645930,1.34848,1,0,0,1,0.0587,0.4,0,MAT,Trp,C,NaN
-2.02409638554217,-2.89497170222029,-0.48784907269239,-0.48784907269239,NaN,NaN,NaN,NaN,NaN,NaN,NaN,0,0,0,0,0,0,NaN,0.0587,0.4,0,MAT,Trp,C,NaN
-2.02409638554217,-2.89497170222029,-0.48784907269239,-0.48784907269239,NaN,NaN,NaN,NaN,NaN,NaN,NaN,0,0,0,0,0,0,NaN,0.0587,0.4,0,MAT,Trp,C,NaN
12.4061962134251,4.30973008271659,2.64632274568322,3.42995096994244,NaN,NaN,NaN,NaN,NaN,NaN,NaN,1552500,293290,1.25264,1,0,0,1,0.0587,0.4,0,MAT,Trp,C,NaN
-2.02409638554217,-2.89497170222029,-0.48784907269239,-0.48784907269239,NaN,NaN,NaN,NaN,NaN,NaN,NaN,0,0,0,0,0,0,NaN,0.0587,0.4,0,MAT,Trp,C,NaN
16.3717728055077,5.55866347409665,2.81413344702622,3.50106587081646,NaN,NaN,NaN,NaN,NaN,NaN,NaN,3704600,744690,1.194704,1,0,0,1,0.0587,0.4,0,MAT,Trp,C,NaN
18.6850258175559,6.93663474096648,2.86700063952249,3.86158601577489,NaN,NaN,NaN,NaN,NaN,NaN,NaN,3001400,755280,1.319088,1,0,0,1,0.0587,0.4,0,MAT,Trp,C,NaN
-2.02409638554217,-2.89497170222029,-0.48784907269239,-0.48784907269239,NaN,NaN,NaN,NaN,NaN,NaN,NaN,0,0,0,0,0,0,NaN,0.0587,0.4,0,MAT,Trp,C,NaN
-2.02409638554217,-2.89497170222029,-0.48784907269239,-0.48784907269239,NaN,NaN,NaN,NaN,NaN,NaN,NaN,0,0,0,0,0,0,NaN,0.0587,0.4,0,MAT,Trp,C,NaN
-2.02409638554217,-2.89497170222029,-0.48784907269239,-0.48784907269239,NaN,NaN,NaN,NaN,NaN,NaN,NaN,0,0,0,0,0,0,NaN,0.0587,0.4,0,MAT,Trp,C,NaN
-2.02409638554217,-2.89497170222029,-0.48784907269239,-0.48784907269239,NaN,NaN,NaN,NaN,NaN,NaN,NaN,0,0,0,0,0,0,NaN,0.0587,0.4,0,MAT,Trp,C,NaN
-2.02409638554217,-2.89497170222029,-0.48784907269239,-0.48784907269239,NaN,NaN,NaN,NaN,NaN,NaN,NaN,0,0,0,0,0,0,NaN,0.0587,0.4,0,MAT,Trp,C,NaN
14.6974182444062,4.19061819764911,2.83817949264549,3.80189725005329,NaN,NaN,NaN,NaN,NaN,NaN,NaN,3782100,792940,1.224272,1,0,0,1,0.0587,0.4,0,MAT,Trp,C,NaN
-2.02409638554217,-2.89497170222029,-0.48784907269239,-0.48784907269239,NaN,NaN,NaN,NaN,NaN,NaN,NaN,0,0,0,0,0,0,NaN,0.0587,0.4,0,MAT,Trp,C,NaN
9.5421686746988,2.50929473225947,2.81174589639736,3.70298443828608,NaN,NaN,NaN,NaN,NaN,NaN,NaN,5993900,1347100,1.158736,1,0,0,1,0.0587,0.4,0,MAT,Trp,C,NaN
15.35834767642,5.28665650848933,2.7198251971861,3.48213600511618,NaN,NaN,NaN,NaN,NaN,NaN,NaN,4314100,1075900,1.258992,1,0,0,1,0.0587,0.4,0,MAT,Trp,C,NaN
-2.02409638554217,-2.89497170222029,-0.48784907269239,-0.48784907269239,NaN,NaN,NaN,NaN,NaN,NaN,NaN,0,0,0,0,0,0,NaN,0.0587,0.4,0,MAT,Trp,C,NaN
21.6592082616179,8.17895080539835,2.81089319974419,3.57013429972287,NaN,NaN,NaN,NaN,NaN,NaN,NaN,5704900,890760,1.24752,1,0,0,1,0.0587,0.4,0,MAT,Trp,C,NaN
13.970395869191,5.09440574662603,2.57776593476871,3.276295033042,NaN,NaN,NaN,NaN,NaN,NaN,NaN,6604300,1404600,1.305888,1,0,0,1,0.0587,0.4,0,MAT,Trp,C,NaN
-2.02409638554217,-2.89497170222029,-0.48784907269239,-0.48784907269239,NaN,NaN,NaN,NaN,NaN,NaN,NaN,0,0,0,0,0,0,NaN,0.0587,0.4,0,MAT,Trp,C,NaN
18.002065404475,6.09101001306051,2.85284587507994,3.71304625879343,NaN,NaN,NaN,NaN,NaN,NaN,NaN,5817100,1580200,1.344656,1,0,0,1,0.0587,0.4,0,MAT,Trp,C,NaN
21.9235800344234,7.84198955158903,2.7522276700064,3.53943722020891,NaN,NaN,NaN,NaN,NaN,NaN,NaN,3502000,815390,1.508192,1,0,0,1,0.0587,0.4,0,MAT,Trp,C,NaN
23.8843373493976,8.98400087070092,2.67360903858452,3.5754210189725,NaN,NaN,NaN,NaN,NaN,NaN,NaN,4505300,445200,7.87392,2,0,0,3,0.0587,0.4,0,MAT,Trp,C,NaN
-2.02409638554217,-2.89497170222029,-0.48784907269239,-0.48784907269239,NaN,NaN,NaN,NaN,NaN,NaN,NaN,0,0,0,0,0,0,NaN,0.0587,0.4,0,MAT,Trp,C,NaN
19.5882960413081,6.07411841532434,2.82709443615434,3.44547004903006,NaN,NaN,NaN,NaN,NaN,NaN,NaN,5069600,1117900,1.354464,1,0,0,1,0.0587,0.4,0,MAT,Trp,C,NaN
-2.02409638554217,-2.89497170222029,-0.48784907269239,-0.48784907269239,NaN,NaN,NaN,NaN,NaN,NaN,NaN,0,0,0,0,0,0,NaN,0.0587,0.4,0,MAT,Trp,C,NaN
14.9177280550775,5.9861776229865,2.69629076955873,3.31961202302281,NaN,NaN,NaN,NaN,NaN,NaN,NaN,1885200,414860,1.300224,1,0,0,1,0.0587,0.4,0,MAT,Trp,C,NaN
0.707745266781412,2.69092294296909,0.315374120656576,0.972564485184396,NaN,NaN,NaN,NaN,NaN,NaN,NaN,1522300,625180,1.452048,1,0,0,1,0.0587,0.4,0,MAT,Trp,C,NaN
14.7635111876076,5.64973878972573,2.51296098912812,3.05561713920273,NaN,NaN,NaN,NaN,NaN,NaN,NaN,4476700,1197600,1.178432,1,0,0,1,0.0587,0.4,0,MAT,Trp,C,NaN
-2.02409638554217,-2.89497170222029,-0.48784907269239,-0.48784907269239,NaN,NaN,NaN,NaN,NaN,NaN,NaN,0,0,0,0,0,0,NaN,0.0587,0.4,0,MAT,Trp,C,NaN
20.6457831325301,7.96005659555943,2.88882967384353,3.44632274568322,NaN,NaN,NaN,NaN,NaN,NaN,NaN,NaN,NaN,0,0,0,0,NaN,0.0587,0.4,0,MAT,Trp,C,NaN
-2.02409638554217,-2.89497170222029,-0.48784907269239,-0.48784907269239,NaN,NaN,NaN,NaN,NaN,NaN,NaN,0,0,0,0,0,0,NaN,0.0587,0.4,0,MAT,Trp,C,NaN
15.9091222030981,5.45975185023944,2.8269238968237,3.61498614367939,NaN,NaN,NaN,NaN,NaN,NaN,NaN,3583200,438300,6.74624,2,0,0,3,0.0587,0.4,0,MAT,Trp,C,NaN
12.560413080895,4.5570091423596,2.61681944148369,3.38561074397783,NaN,NaN,NaN,NaN,NaN,NaN,NaN,2877400,714060,1.546704,1,0,0,1,0.0587,0.4,0,MAT,Trp,C,NaN
-2.02409638554217,-2.89497170222029,-0.48784907269239,-0.48784907269239,NaN,NaN,NaN,NaN,NaN,NaN,NaN,0,0,0,0,0,0,NaN,0.0587,0.4,0,MAT,Trp,C,NaN
-2.02409638554217,-2.89497170222029,-0.48784907269239,-0.48784907269239,NaN,NaN,NaN,NaN,NaN,NaN,NaN,0,0,0,0,0,0,NaN,0.0587,0.4,0,MAT,Trp,C,NaN
-2.02409638554217,-2.89497170222029,-0.48784907269239,-0.48784907269239,NaN,NaN,NaN,NaN,NaN,NaN,NaN,0,0,0,0,0,0,NaN,0.0587,0.4,0,MAT,Trp,C,NaN
-2.02409638554217,-2.89497170222029,-0.48784907269239,-0.48784907269239,NaN,NaN,NaN,NaN,NaN,NaN,NaN,0,0,0,0,0,0,NaN,0.0587,0.4,0,MAT,Trp,C,NaN
-2.02409638554217,-2.89497170222029,-0.48784907269239,-0.48784907269239,NaN,NaN,NaN,NaN,NaN,NaN,NaN,0,0,0,0,0,0,NaN,0.0587,0.4,0,MAT,Trp,C,NaN
13.3975903614458,5.12296473661297,2.68588787039011,3.53380942229802,NaN,NaN,NaN,NaN,NaN,NaN,NaN,1095000,53522,2.2808,2,0,1,3,0.0587,0.4,0,MAT,Trp,C,NaN
-2.02409638554217,-2.89497170222029,-0.48784907269239,-0.48784907269239,NaN,NaN,NaN,NaN,NaN,NaN,NaN,0,0,0,0,0,0,NaN,0.0587,0.4,0,MAT,Trp,C,NaN
13.0230636833046,4.94603831084023,2.52541036026434,3.21012577275634,NaN,NaN,NaN,NaN,NaN,NaN,NaN,4465100,699560,1.14712,1,0,0,1,0.0587,0.4,0,MAT,Trp,C,NaN
-2.02409638554217,-2.89497170222029,-0.48784907269239,-0.48784907269239,NaN,NaN,NaN,NaN,NaN,NaN,NaN,0,0,0,0,0,0,NaN,0.0587,0.4,0,MAT,Trp,C,NaN
-2.02409638554217,-2.89497170222029,-0.48784907269239,-0.48784907269239,NaN,NaN,NaN,NaN,NaN,NaN,NaN,0,0,0,0,0,0,NaN,0.0587,0.4,0,MAT,Trp,C,NaN
-2.02409638554217,-2.89497170222029,-0.48784907269239,-0.48784907269239,NaN,NaN,NaN,NaN,NaN,NaN,NaN,0,0,0,0,0,0,NaN,0.0587,0.4,0,MAT,Trp,C,NaN
-2.02409638554217,-2.89497170222029,-0.48784907269239,-0.48784907269239,NaN,NaN,NaN,NaN,NaN,NaN,NaN,0,0,0,0,0,0,NaN,0.0587,0.4,0,MAT,Trp,C,NaN
-2.02409638554217,-2.89497170222029,-0.48784907269239,-0.48784907269239,NaN,NaN,NaN,NaN,NaN,NaN,NaN,0,0,0,0,0,0,NaN,0.0587,0.4,0,MAT,Trp,C,NaN
-2.02409638554217,-2.89497170222029,-0.48784907269239,-0.48784907269239,NaN,NaN,NaN,NaN,NaN,NaN,NaN,0,0,0,0,0,0,NaN,0.0587,0.4,0,MAT,Trp,C,NaN
-2.02409638554217,-2.89497170222029,-0.48784907269239,-0.48784907269239,NaN,NaN,NaN,NaN,NaN,NaN,NaN,0,0,0,0,0,0,NaN,0.0587,0.4,0,MAT,Trp,C,NaN
27.6736660929432,9.67307357422725,2.86529524621616,3.8544233638883,NaN,NaN,NaN,NaN,NaN,NaN,NaN,9060500,725980,5.61456,2,0,0,3,0.0587,0.4,0,MAT,Trp,C,NaN
-2.02409638554217,-2.89497170222029,-0.48784907269239,-0.48784907269239,NaN,NaN,NaN,NaN,NaN,NaN,NaN,0,0,0,0,0,0,NaN,0.0587,0.4,0,MAT,Trp,C,NaN
-2.02409638554217,-2.89497170222029,-0.48784907269239,-0.48784907269239,NaN,NaN,NaN,NaN,NaN,NaN,NaN,0,0,0,0,0,0,NaN,0.0587,0.4,0,MAT,Trp,C,NaN
8.72702237521515,3.2610579016108,2.42359837987636,3.24866766147943,NaN,NaN,NaN,NaN,NaN,NaN,NaN,4574200,440360,1.310144,1,0,0,1,0.0587,0.4,0,MAT,Trp,C,NaN
-2.02409638554217,-2.89497170222029,-0.48784907269239,-0.48784907269239,NaN,NaN,NaN,NaN,NaN,NaN,NaN,0,0,0,0,0,0,NaN,0.0587,0.4,0,MAT,Trp,C,NaN
-2.02409638554217,-2.89497170222029,-0.48784907269239,-0.48784907269239,NaN,NaN,NaN,NaN,NaN,NaN,NaN,0,0,0,0,0,0,NaN,0.0587,0.4,0,MAT,Trp,C,NaN
19.1697074010327,6.88230300391816,2.73432104028992,3.37128544020465,NaN,NaN,NaN,NaN,NaN,NaN,NaN,9987800,1423300,1.52832,1,0,0,1,0.0587,0.4,0,MAT,Trp,C,NaN
-2.02409638554217,-2.89497170222029,-0.48784907269239,-0.48784907269239,NaN,NaN,NaN,NaN,NaN,NaN,NaN,0,0,0,0,0,0,NaN,0.0587,0.4,0,MAT,Trp,C,NaN
11.8994836488812,3.75161079669134,2.78019612023023,3.74578981027499,NaN,NaN,NaN,NaN,NaN,NaN,NaN,1776900,308440,1.30928,1,0,0,1,0.0587,0.4,0,MAT,Trp,C,NaN
11.4808950086059,4.25696560731389,2.67855467917288,3.52460029844383,NaN,NaN,NaN,NaN,NaN,NaN,NaN,NaN,NaN,0,0,0,0,NaN,0.0587,0.4,0,MAT,Trp,C,NaN
16.6141135972461,6.34838920330866,2.56514602430185,3.23161372841612,NaN,NaN,NaN,NaN,NaN,NaN,NaN,7052800,1874000,1.403184,1,0,0,1,0.0587,0.4,0,MAT,Trp,C,NaN
-2.02409638554217,-2.89497170222029,-0.48784907269239,-0.48784907269239,NaN,NaN,NaN,NaN,NaN,NaN,NaN,0,0,0,0,0,0,NaN,0.0587,0.4,0,MAT,Trp,C,NaN
-2.02409638554217,-2.89497170222029,-0.48784907269239,-0.48784907269239,NaN,NaN,NaN,NaN,NaN,NaN,NaN,0,0,0,0,0,0,NaN,0.0587,0.4,0,MAT,Trp,C,NaN
16.592082616179,6.55213321723988,2.53513110211042,3.35576636111703,NaN,NaN,NaN,NaN,NaN,NaN,NaN,457620,26337,1.63328,1,0,1,2,0.0587,0.4,0,MAT,Trp,C,NaN
-2.02409638554217,-2.89497170222029,-0.48784907269239,-0.48784907269239,NaN,NaN,NaN,NaN,NaN,NaN,NaN,0,0,0,0,0,0,NaN,0.0587,0.4,0,MAT,Trp,C,NaN
-2.02409638554217,-2.89497170222029,-0.48784907269239,-0.48784907269239,NaN,NaN,NaN,NaN,NaN,NaN,NaN,0,0,0,0,0,0,NaN,0.0587,0.4,0,MAT,Trp,C,NaN
-2.02409638554217,-2.89497170222029,-0.48784907269239,-0.48784907269239,NaN,NaN,NaN,NaN,NaN,NaN,NaN,0,0,0,0,0,0,NaN,0.0587,0.4,0,MAT,Trp,C,NaN
13.5518072289157,4.90563778841968,2.74318908548284,3.49816670219569,NaN,NaN,NaN,NaN,NaN,NaN,NaN,1996600,325660,1.223616,1,0,0,1,0.0587,0.4,0,MAT,Trp,C,NaN
8.02203098106713,2.85879407923378,2.25050095928373,2.9103176295033,NaN,NaN,NaN,NaN,NaN,NaN,NaN,3406100,778040,1.319312,1,0,0,1,0.0587,0.4,0,MAT,Trp,C,NaN
-2.02409638554217,-2.89497170222029,-0.48784907269239,-0.48784907269239,NaN,NaN,NaN,NaN,NaN,NaN,NaN,0,0,0,0,0,0,NaN,0.0587,0.4,0,MAT,Trp,C,NaN
17.2089500860585,6.36371353939922,2.85079940311234,3.60901726710723,NaN,NaN,NaN,NaN,NaN,NaN,NaN,NaN,NaN,0,0,0,0,NaN,0.0587,0.4,0,MAT,Trp,C,NaN
19.6103270223752,7.12139747496735,2.83033468343637,3.53415050095928,NaN,NaN,NaN,NaN,NaN,NaN,NaN,3883800,924840,1.413072,1,0,0,1,0.0587,0.4,0,MAT,Trp,C,NaN
-2.02409638554217,-2.89497170222029,-0.48784907269239,-0.48784907269239,NaN,NaN,NaN,NaN,NaN,NaN,NaN,0,0,0,0,0,0,NaN,0.0587,0.4,0,MAT,Trp,C,NaN
-2.02409638554217,-2.89497170222029,-0.48784907269239,-0.48784907269239,NaN,NaN,NaN,NaN,NaN,NaN,NaN,0,0,0,0,0,0,NaN,0.0587,0.4,0,MAT,Trp,C,NaN
-2.02409638554217,-2.89497170222029,-0.48784907269239,-0.48784907269239,NaN,NaN,NaN,NaN,NaN,NaN,NaN,0,0,0,0,0,0,NaN,0.0587,0.4,0,MAT,Trp,C,NaN
-2.02409638554217,-2.89497170222029,-0.48784907269239,-0.48784907269239,NaN,NaN,NaN,NaN,NaN,NaN,NaN,0,0,0,0,0,0,NaN,0.0587,0.4,0,MAT,Trp,C,NaN
-2.02409638554217,-2.89497170222029,-0.48784907269239,-0.48784907269239,NaN,NaN,NaN,NaN,NaN,NaN,NaN,0,0,0,0,0,0,NaN,0.0587,0.4,0,MAT,Trp,C,NaN
13.265404475043,5.03728776665216,2.19200596887657,2.92242592197826,NaN,NaN,NaN,NaN,NaN,NaN,NaN,NaN,NaN,0,0,0,0,NaN,0.0587,0.4,0,MAT,Trp,C,NaN
-2.02409638554217,-2.89497170222029,-0.48784907269239,-0.48784907269239,NaN,NaN,NaN,NaN,NaN,NaN,NaN,0,0,0,0,0,0,NaN,0.0587,0.4,0,MAT,Trp,C,NaN
13.9043029259897,4.2839573356552,2.62960989128118,3.4410360264336,NaN,NaN,NaN,NaN,NaN,NaN,NaN,1609600,338930,1.421536,1,0,0,1,0.0587,0.4,0,MAT,Trp,C,NaN
-2.02409638554217,-2.89497170222029,-0.48784907269239,-0.48784907269239,NaN,NaN,NaN,NaN,NaN,NaN,NaN,0,0,0,0,0,0,NaN,0.0587,0.4,0,MAT,Trp,C,NaN
-2.02409638554217,-2.89497170222029,-0.48784907269239,-0.48784907269239,NaN,NaN,NaN,NaN,NaN,NaN,NaN,0,0,0,0,0,0,NaN,0.0587,0.4,0,MAT,Trp,C,NaN
-2.02409638554217,-2.89497170222029,-0.48784907269239,-0.48784907269239,NaN,NaN,NaN,NaN,NaN,NaN,NaN,0,0,0,0,0,0,NaN,0.0587,0.4,0,MAT,Trp,C,NaN
-2.02409638554217,-2.89497170222029,-0.48784907269239,-0.48784907269239,NaN,NaN,NaN,NaN,NaN,NaN,NaN,0,0,0,0,0,0,NaN,0.0587,0.4,0,MAT,Trp,C,NaN
-2.02409638554217,-2.89497170222029,-0.48784907269239,-0.48784907269239,NaN,NaN,NaN,NaN,NaN,NaN,NaN,0,0,0,0,0,0,NaN,0.0587,0.4,0,MAT,Trp,C,NaN
19.390017211704,7.74638659120592,2.48141121296099,3.56109571519932,NaN,NaN,NaN,NaN,NaN,NaN,NaN,NaN,NaN,0,0,0,0,NaN,0.0587,0.4,0,MAT,Trp,C,NaN
-2.02409638554217,-2.89497170222029,-0.48784907269239,-0.48784907269239,NaN,NaN,NaN,NaN,NaN,NaN,NaN,0,0,0,0,0,0,NaN,0.0587,0.4,0,MAT,Trp,C,NaN
19.6764199655766,7.5212233347845,2.5555958217864,3.19580046898316,NaN,NaN,NaN,NaN,NaN,NaN,NaN,6928700,1232000,1.392016,1,0,0,1,0.0587,0.4,0,MAT,Trp,C,NaN
-2.02409638554217,-2.89497170222029,-0.48784907269239,-0.48784907269239,NaN,NaN,NaN,NaN,NaN,NaN,NaN,0,0,0,0,0,0,NaN,0.0587,0.4,0,MAT,Trp,C,NaN
-2.02409638554217,-2.89497170222029,-0.48784907269239,-0.48784907269239,NaN,NaN,NaN,NaN,NaN,NaN,NaN,0,0,0,0,0,0,NaN,0.0587,0.4,0,MAT,Trp,C,NaN
-2.02409638554217,-2.89497170222029,-0.48784907269239,-0.48784907269239,NaN,NaN,NaN,NaN,NaN,NaN,NaN,0,0,0,0,0,0,NaN,0.0587,0.4,0,MAT,Trp,C,NaN
-2.02409638554217,-2.89497170222029,-0.48784907269239,-0.48784907269239,NaN,NaN,NaN,NaN,NaN,NaN,NaN,0,0,0,0,0,0,NaN,0.0587,0.4,0,MAT,Trp,C,NaN
8.39655765920826,2.83737483674358,2.42649754849712,3.31773609038585,NaN,NaN,NaN,NaN,NaN,NaN,NaN,4642600,1109200,1.283504,1,0,0,1,0.0587,0.4,0,MAT,Trp,C,NaN
21.9456110154905,8.22074444928167,2.66439991473033,3.66512470688553,NaN,NaN,NaN,NaN,NaN,NaN,NaN,5706200,730360,1.15336,1,0,0,1,0.0587,0.4,0,MAT,Trp,C,NaN
28.0261617900172,9.95082716586852,2.87382221274781,3.51692602856534,NaN,NaN,NaN,NaN,NaN,NaN,NaN,3985300,487380,1.370592,1,0,0,1,0.0587,0.4,0,MAT,Trp,C,NaN
-2.02409638554217,-2.89497170222029,-0.48784907269239,-0.48784907269239,NaN,NaN,NaN,NaN,NaN,NaN,NaN,0,0,0,0,0,0,NaN,0.0587,0.4,0,MAT,Trp,C,NaN
17.7156626506024,6.31547670875054,2.87979108931997,3.75261138350032,NaN,NaN,NaN,NaN,NaN,NaN,NaN,6343800,1225000,1.418432,1,0,0,1,0.0587,0.4,0,MAT,Trp,C,NaN
19.3239242685026,6.50459294732259,2.90468983159241,3.72634832658282,NaN,NaN,NaN,NaN,NaN,NaN,NaN,NaN,NaN,0,0,0,0,NaN,0.0587,0.4,0,MAT,Trp,C,NaN
14.6313253012048,5.32322594688724,2.83664463866979,3.81110637390748,NaN,NaN,NaN,NaN,NaN,NaN,NaN,5448400,1186600,1.295424,1,0,0,1,0.0587,0.4,0,MAT,Trp,C,NaN
-2.02409638554217,-2.89497170222029,-0.48784907269239,-0.48784907269239,NaN,NaN,NaN,NaN,NaN,NaN,NaN,0,0,0,0,0,0,NaN,0.0587,0.4,0,MAT,Trp,C,NaN
5.46643717728055,4.19653896386591,1.23238115540396,1.68976764016201,NaN,NaN,NaN,NaN,NaN,NaN,NaN,NaN,NaN,0,0,0,0,NaN,0.0587,0.4,0,MAT,Trp,C,NaN
-2.02409638554217,-2.89497170222029,-0.48784907269239,-0.48784907269239,NaN,NaN,NaN,NaN,NaN,NaN,NaN,0,0,0,0,0,0,NaN,0.0587,0.4,0,MAT,Trp,C,NaN
-2.02409638554217,-2.89497170222029,-0.48784907269239,-0.48784907269239,NaN,NaN,NaN,NaN,NaN,NaN,NaN,0,0,0,0,0,0,NaN,0.0587,0.4,0,MAT,Trp,C,NaN
7.60344234079174,2.99340444057466,2.11611596674483,3.01878064378597,NaN,NaN,NaN,NaN,NaN,NaN,NaN,1972400,271240,1.18784,1,0,0,1,0.0587,0.4,0,MAT,Trp,C,NaN
-2.02409638554217,-2.89497170222029,-0.48784907269239,-0.48784907269239,NaN,NaN,NaN,NaN,NaN,NaN,NaN,0,0,0,0,0,0,NaN,0.0587,0.4,0,MAT,Trp,C,NaN
-2.02409638554217,-2.89497170222029,-0.48784907269239,-0.48784907269239,NaN,NaN,NaN,NaN,NaN,NaN,NaN,0,0,0,0,0,0,NaN,0.0587,0.4,0,MAT,Trp,C,NaN
15.0499139414802,5.67429255550718,2.65826049882754,3.36855681091452,NaN,NaN,NaN,NaN,NaN,NaN,NaN,5645900,1106800,1.221232,1,0,0,1,0.0587,0.4,0,MAT,Trp,C,NaN
12.3180722891566,5.89161950370048,2.12003837134939,2.84517160520145,NaN,NaN,NaN,NaN,NaN,NaN,NaN,NaN,NaN,0,0,0,0,NaN,0.0587,0.4,0,MAT,Trp,C,NaN
-2.02409638554217,-2.89497170222029,-0.48784907269239,-0.48784907269239,NaN,NaN,NaN,NaN,NaN,NaN,NaN,0,0,0,0,0,0,NaN,0.0587,0.4,0,MAT,Trp,C,NaN
-2.02409638554217,-2.89497170222029,-0.48784907269239,-0.48784907269239,NaN,NaN,NaN,NaN,NaN,NaN,NaN,0,0,0,0,0,0,NaN,0.0587,0.4,0,MAT,Trp,C,NaN
-2.02409638554217,-2.89497170222029,-0.48784907269239,-0.48784907269239,NaN,NaN,NaN,NaN,NaN,NaN,NaN,0,0,0,0,0,0,NaN,0.0587,0.4,0,MAT,Trp,C,NaN
-2.02409638554217,-2.89497170222029,-0.48784907269239,-0.48784907269239,NaN,NaN,NaN,NaN,NaN,NaN,NaN,0,0,0,0,0,0,NaN,0.0587,0.4,0,MAT,Trp,C,NaN
27.1889845094664,8.87673051806705,2.92072052867192,3.28192283095289,NaN,NaN,NaN,NaN,NaN,NaN,NaN,NaN,NaN,0,0,0,0,NaN,0.0587,0.4,0,MAT,Trp,C,NaN
-2.02409638554217,-2.89497170222029,-0.48784907269239,-0.48784907269239,NaN,NaN,NaN,NaN,NaN,NaN,NaN,0,0,0,0,0,0,NaN,0.0587,0.4,0,MAT,Trp,C,NaN
-2.02409638554217,-2.89497170222029,-0.48784907269239,-0.48784907269239,NaN,NaN,NaN,NaN,NaN,NaN,NaN,0,0,0,0,0,0,NaN,0.0587,0.4,0,MAT,Trp,C,NaN
18.1562822719449,7.39410100130605,2.54877424856107,3.8760818588787,NaN,NaN,NaN,NaN,NaN,NaN,NaN,2230000,227120,1.091248,1,0,0,1,0.0587,0.4,0,MAT,Trp,C,NaN
19.5442340791738,6.90494122768829,2.84448944787892,3.69667448305265,NaN,NaN,NaN,NaN,NaN,NaN,NaN,3196600,631810,1.444032,1,0,0,1,0.0587,0.4,0,MAT,Trp,C,NaN
-2.02409638554217,-2.89497170222029,-0.48784907269239,-0.48784907269239,NaN,NaN,NaN,NaN,NaN,NaN,NaN,0,0,0,0,0,0,NaN,0.0587,0.4,0,MAT,Trp,C,NaN
18.1562822719449,7.15413582934262,2.70243018546152,3.28192283095289,NaN,NaN,NaN,NaN,NaN,NaN,NaN,3821400,354250,0.99528,1,0,0,1,0.0587,0.4,0,MAT,Trp,C,NaN
11.6571428571429,4.2193513278189,2.33866979322106,3.12042208484332,NaN,NaN,NaN,NaN,NaN,NaN,NaN,1501000,322010,1.367648,1,0,0,1,0.0587,0.4,0,MAT,Trp,C,NaN
-2.02409638554217,-2.89497170222029,-0.48784907269239,-0.48784907269239,NaN,NaN,NaN,NaN,NaN,NaN,NaN,0,0,0,0,0,0,NaN,0.0587,0.4,0,MAT,Trp,C,NaN
-2.02409638554217,-2.89497170222029,-0.48784907269239,-0.48784907269239,NaN,NaN,NaN,NaN,NaN,NaN,NaN,0,0,0,0,0,0,NaN,0.0587,0.4,0,MAT,Trp,C,NaN
-2.02409638554217,-2.89497170222029,-0.48784907269239,-0.48784907269239,NaN,NaN,NaN,NaN,NaN,NaN,NaN,0,0,0,0,0,0,NaN,0.0587,0.4,0,MAT,Trp,C,NaN
11.3707401032702,4.2869177187636,2.51978256235344,3.20688552547431,NaN,NaN,NaN,NaN,NaN,NaN,NaN,NaN,NaN,0,0,0,0,NaN,0.0587,0.4,0,MAT,Trp,C,NaN
-2.02409638554217,-2.89497170222029,-0.48784907269239,-0.48784907269239,NaN,NaN,NaN,NaN,NaN,NaN,NaN,0,0,0,0,0,0,NaN,0.0587,0.4,0,MAT,Trp,C,NaN
-2.02409638554217,-2.89497170222029,-0.48784907269239,-0.48784907269239,NaN,NaN,NaN,NaN,NaN,NaN,NaN,0,0,0,0,0,0,NaN,0.0587,0.4,0,MAT,Trp,C,NaN
-2.02409638554217,-2.89497170222029,-0.48784907269239,-0.48784907269239,NaN,NaN,NaN,NaN,NaN,NaN,NaN,0,0,0,0,0,0,NaN,0.0587,0.4,0,MAT,Trp,C,NaN
-2.02409638554217,-2.89497170222029,-0.48784907269239,-0.48784907269239,NaN,NaN,NaN,NaN,NaN,NaN,NaN,0,0,0,0,0,0,NaN,0.0587,0.4,0,MAT,Trp,C,NaN
13.5518072289157,5.0127340008707,2.62125346408015,3.19153698571733,NaN,NaN,NaN,NaN,NaN,NaN,NaN,2558900,687340,1.320832,1,0,0,1,0.0587,0.4,0,MAT,Trp,C,NaN
-2.02409638554217,-2.89497170222029,-0.48784907269239,-0.48784907269239,NaN,NaN,NaN,NaN,NaN,NaN,NaN,0,0,0,0,0,0,NaN,0.0587,0.4,0,MAT,Trp,C,NaN
-2.02409638554217,-2.89497170222029,-0.48784907269239,-0.48784907269239,NaN,NaN,NaN,NaN,NaN,NaN,NaN,0,0,0,0,0,0,NaN,0.0587,0.4,0,MAT,Trp,C,NaN
13.8382099827883,6.88108402263823,2.21997441910041,3.64926454913664,NaN,NaN,NaN,NaN,NaN,NaN,NaN,NaN,NaN,0,0,0,0,NaN,0.0587,0.4,0,MAT,Trp,C,NaN
-2.02409638554217,-2.89497170222029,-0.48784907269239,-0.48784907269239,NaN,NaN,NaN,NaN,NaN,NaN,NaN,0,0,0,0,0,0,NaN,0.0587,0.4,0,MAT,Trp,C,NaN
-2.02409638554217,-2.89497170222029,-0.48784907269239,-0.48784907269239,NaN,NaN,NaN,NaN,NaN,NaN,NaN,0,0,0,0,0,0,NaN,0.0587,0.4,0,MAT,Trp,C,NaN
1.54492254733219,0.811776229865042,1.0970923044127,1.37682796845022,NaN,NaN,NaN,NaN,NaN,NaN,NaN,2742400,755730,1.250496,1,0,0,1,0.0587,0.4,0,MAT,Trp,C,NaN
-2.02409638554217,-2.89497170222029,-0.48784907269239,-0.48784907269239,NaN,NaN,NaN,NaN,NaN,NaN,NaN,0,0,0,0,0,0,NaN,0.0587,0.4,0,MAT,Trp,C,NaN
-2.02409638554217,-2.89497170222029,-0.48784907269239,-0.48784907269239,NaN,NaN,NaN,NaN,NaN,NaN,NaN,0,0,0,0,0,0,NaN,0.0587,0.4,0,MAT,Trp,C,NaN
-2.02409638554217,-2.89497170222029,-0.48784907269239,-0.48784907269239,NaN,NaN,NaN,NaN,NaN,NaN,NaN,0,0,0,0,0,0,NaN,0.0587,0.4,0,MAT,Trp,C,NaN
-2.02409638554217,-2.89497170222029,-0.48784907269239,-0.48784907269239,NaN,NaN,NaN,NaN,NaN,NaN,NaN,0,0,0,0,0,0,NaN,0.0587,0.4,0,MAT,Trp,C,NaN
-2.02409638554217,-2.89497170222029,-0.48784907269239,-0.48784907269239,NaN,NaN,NaN,NaN,NaN,NaN,NaN,0,0,0,0,0,0,NaN,0.0587,0.4,0,MAT,Trp,C,NaN
-2.02409638554217,-2.89497170222029,-0.48784907269239,-0.48784907269239,NaN,NaN,NaN,NaN,NaN,NaN,NaN,0,0,0,0,0,0,NaN,0.0587,0.4,0,MAT,Trp,C,NaN
-2.02409638554217,-2.89497170222029,-0.48784907269239,-0.48784907269239,NaN,NaN,NaN,NaN,NaN,NaN,NaN,0,0,0,0,0,0,NaN,0.0587,0.4,0,MAT,Trp,C,NaN
-2.02409638554217,-2.89497170222029,-0.48784907269239,-0.48784907269239,NaN,NaN,NaN,NaN,NaN,NaN,NaN,0,0,0,0,0,0,NaN,0.0587,0.4,0,MAT,Trp,C,NaN
-2.02409638554217,-2.89497170222029,-0.48784907269239,-0.48784907269239,NaN,NaN,NaN,NaN,NaN,NaN,NaN,0,0,0,0,0,0,NaN,0.0587,0.4,0,MAT,Trp,C,NaN
-2.02409638554217,-2.89497170222029,-0.48784907269239,-0.48784907269239,NaN,NaN,NaN,NaN,NaN,NaN,NaN,0,0,0,0,0,0,NaN,0.0587,0.4,0,MAT,Trp,C,NaN
10.3132530120482,4.68552459730083,2.0876358985291,2.89343423577062,NaN,NaN,NaN,NaN,NaN,NaN,NaN,3152600,540060,1.185232,1,0,0,1,0.0587,0.4,0,MAT,Trp,C,NaN
-2.02409638554217,-2.89497170222029,-0.48784907269239,-0.48784907269239,NaN,NaN,NaN,NaN,NaN,NaN,NaN,0,0,0,0,0,0,NaN,0.0587,0.4,0,MAT,Trp,C,NaN
-2.02409638554217,-2.89497170222029,-0.48784907269239,-0.48784907269239,NaN,NaN,NaN,NaN,NaN,NaN,NaN,0,0,0,0,0,0,NaN,0.0587,0.4,0,MAT,Trp,C,NaN
12.2519793459552,4.75814105354811,2.55065018119804,3.1877851204434,NaN,NaN,NaN,NaN,NaN,NaN,NaN,910400,158510,1.394128,1,0,0,1,0.0587,0.4,0,MAT,Trp,C,NaN
16.2175559380379,5.64190248149761,2.67190364527819,3.7133873374547,NaN,NaN,NaN,NaN,NaN,NaN,NaN,4625300,909960,1.239808,1,0,0,1,0.0587,0.4,0,MAT,Trp,C,NaN
-2.02409638554217,-2.89497170222029,-0.48784907269239,-0.48784907269239,NaN,NaN,NaN,NaN,NaN,NaN,NaN,0,0,0,0,0,0,NaN,0.0587,0.4,0,MAT,Trp,C,NaN
18.5528399311532,8.36946016543318,2.56906842890642,3.44888083564272,NaN,NaN,NaN,NaN,NaN,NaN,NaN,4318500,983640,1.411024,1,0,0,1,0.0587,0.4,0,MAT,Trp,C,NaN
-2.02409638554217,-2.89497170222029,-0.48784907269239,-0.48784907269239,NaN,NaN,NaN,NaN,NaN,NaN,NaN,0,0,0,0,0,0,NaN,0.0587,0.4,0,MAT,Trp,C,NaN
17.3851979345955,6.21795820635612,2.51500746109572,3.05220635259007,NaN,NaN,NaN,NaN,NaN,NaN,NaN,5311500,1175500,1.357568,1,0,0,1,0.0587,0.4,0,MAT,Trp,C,NaN
13.6619621342513,4.64442751414889,2.92054998934129,3.70468983159241,NaN,NaN,NaN,NaN,NaN,NaN,NaN,42056000,616570,5.27008,2,0,0,3,0.0587,0.4,0,MAT,Trp,C,NaN
3.52771084337349,3.22692642577275,0.876465572372628,1.73837134939245,NaN,NaN,NaN,NaN,NaN,NaN,NaN,3033100,250020,0.737776,1,0,0,1,0.0587,0.4,0,MAT,Trp,C,NaN
-2.02409638554217,-2.89497170222029,-0.48784907269239,-0.48784907269239,NaN,NaN,NaN,NaN,NaN,NaN,NaN,0,0,0,0,0,0,NaN,0.0587,0.4,0,MAT,Trp,C,NaN
-2.02409638554217,-2.89497170222029,-0.48784907269239,-0.48784907269239,NaN,NaN,NaN,NaN,NaN,NaN,NaN,0,0,0,0,0,0,NaN,0.0587,0.4,0,MAT,Trp,C,NaN
15.1380378657487,6.01142794949935,2.6935621402686,3.57354508633554,NaN,NaN,NaN,NaN,NaN,NaN,NaN,2604000,587430,1.403872,1,0,0,1,0.0587,0.4,0,MAT,Trp,C,NaN
-2.02409638554217,-2.89497170222029,-0.48784907269239,-0.48784907269239,NaN,NaN,NaN,NaN,NaN,NaN,NaN,0,0,0,0,0,0,NaN,0.0587,0.4,0,MAT,Trp,C,NaN
13.8822719449225,4.47237701349587,2.72204220848433,3.62078448092091,NaN,NaN,NaN,NaN,NaN,NaN,NaN,4039700,707850,1.32736,1,0,0,1,0.0587,0.4,0,MAT,Trp,C,NaN
-2.02409638554217,-2.89497170222029,-0.48784907269239,-0.48784907269239,NaN,NaN,NaN,NaN,NaN,NaN,NaN,0,0,0,0,0,0,NaN,0.0587,0.4,0,MAT,Trp,C,NaN
-2.02409638554217,-2.89497170222029,-0.48784907269239,-0.48784907269239,NaN,NaN,NaN,NaN,NaN,NaN,NaN,0,0,0,0,0,0,NaN,0.0587,0.4,0,MAT,Trp,C,NaN
-2.02409638554217,-2.89497170222029,-0.48784907269239,-0.48784907269239,NaN,NaN,NaN,NaN,NaN,NaN,NaN,0,0,0,0,0,0,NaN,0.0587,0.4,0,MAT,Trp,C,NaN
11.2605851979346,6.53175881584676,1.66384566190578,2.59004476657429,NaN,NaN,NaN,NaN,NaN,NaN,NaN,5369000,1227700,1.6464,1,0,0,1,0.0587,0.4,0,MAT,Trp,C,NaN
14.2567986230637,5.15674793208533,2.8598379876359,3.93048390535067,NaN,NaN,NaN,NaN,NaN,NaN,NaN,NaN,NaN,0,0,0,0,NaN,0.0587,0.4,0,MAT,Trp,C,NaN
-2.02409638554217,-2.89497170222029,-0.48784907269239,-0.48784907269239,NaN,NaN,NaN,NaN,NaN,NaN,NaN,0,0,0,0,0,0,NaN,0.0587,0.4,0,MAT,Trp,C,NaN
-2.02409638554217,-2.89497170222029,-0.48784907269239,-0.48784907269239,NaN,NaN,NaN,NaN,NaN,NaN,NaN,0,0,0,0,0,0,NaN,0.0587,0.4,0,MAT,Trp,C,NaN
20.2492254733219,8.4610579016108,2.58714559795353,3.47565551055212,NaN,NaN,NaN,NaN,NaN,NaN,NaN,6148000,802670,1.224304,1,0,0,1,0.0587,0.4,0,MAT,Trp,C,NaN
12.5824440619621,3.98147583804963,2.63080366659561,3.47156256661693,NaN,NaN,NaN,NaN,NaN,NaN,NaN,1426400,190700,1.176272,1,0,0,1,0.0587,0.4,0,MAT,Trp,C,NaN
17.6055077452668,6.88508924684371,2.62688126199105,3.49236836495417,NaN,NaN,NaN,NaN,NaN,NaN,NaN,NaN,NaN,0,0,0,0,NaN,0.0587,0.4,0,MAT,Trp,C,NaN
-2.02409638554217,-2.89497170222029,-0.48784907269239,-0.48784907269239,NaN,NaN,NaN,NaN,NaN,NaN,NaN,0,0,0,0,0,0,NaN,0.0587,0.4,0,MAT,Trp,C,NaN
18.2444061962134,6.90389638659121,2.65058622894905,3.12997228735877,NaN,NaN,NaN,NaN,NaN,NaN,NaN,3438100,724860,1.219568,1,0,0,1,0.0587,0.4,0,MAT,Trp,C,NaN
-2.02409638554217,-2.89497170222029,-0.48784907269239,-0.48784907269239,NaN,NaN,NaN,NaN,NaN,NaN,NaN,0,0,0,0,0,0,NaN,0.0587,0.4,0,MAT,Trp,C,NaN
11.9655765920826,5.15013060513714,2.43314858239181,3.38629290130036,NaN,NaN,NaN,NaN,NaN,NaN,NaN,4966300,913410,1.162032,1,0,0,1,0.0587,0.4,0,MAT,Trp,C,NaN
-2.02409638554217,-2.89497170222029,-0.48784907269239,-0.48784907269239,NaN,NaN,NaN,NaN,NaN,NaN,NaN,0,0,0,0,0,0,NaN,0.0587,0.4,0,MAT,Trp,C,NaN
11.6130808950086,4.69492816717458,2.4459390321893,3.35968876572159,NaN,NaN,NaN,NaN,NaN,NaN,NaN,1669600,499050,1.283056,1,0,0,1,0.0587,0.4,0,MAT,Trp,C,NaN
17.649569707401,6.51225511536787,2.86938819015135,3.75926241739501,NaN,NaN,NaN,NaN,NaN,NaN,NaN,4350600,791970,1.348944,1,0,0,1,0.0587,0.4,0,MAT,Trp,C,NaN
-2.02409638554217,-2.89497170222029,-0.48784907269239,-0.48784907269239,NaN,NaN,NaN,NaN,NaN,NaN,NaN,0,0,0,0,0,0,NaN,0.0587,0.4,0,MAT,Trp,C,NaN
21.5931153184165,7.48047453199826,2.89206992112556,3.6840545725858,NaN,NaN,NaN,NaN,NaN,NaN,NaN,NaN,NaN,0,0,0,0,NaN,0.0587,0.4,0,MAT,Trp,C,NaN
-2.02409638554217,-2.89497170222029,-0.48784907269239,-0.48784907269239,NaN,NaN,NaN,NaN,NaN,NaN,NaN,0,0,0,0,0,0,NaN,0.0587,0.4,0,MAT,Trp,C,NaN
21.152495697074,7.84494993469743,2.88593050522277,3.80718396930292,NaN,NaN,NaN,NaN,NaN,NaN,NaN,NaN,NaN,0,0,0,0,NaN,0.0587,0.4,0,MAT,Trp,C,NaN
-2.02409638554217,-2.89497170222029,-0.48784907269239,-0.48784907269239,NaN,NaN,NaN,NaN,NaN,NaN,NaN,0,0,0,0,0,0,NaN,0.0587,0.4,0,MAT,Trp,C,NaN
-2.02409638554217,-2.89497170222029,-0.48784907269239,-0.48784907269239,NaN,NaN,NaN,NaN,NaN,NaN,NaN,0,0,0,0,0,0,NaN,0.0587,0.4,0,MAT,Trp,C,NaN
23.2674698795181,8.04677840661733,2.88030270731187,3.61311021104242,NaN,NaN,NaN,NaN,NaN,NaN,NaN,3378800,365820,1.120352,1,0,0,1,0.0587,0.4,0,MAT,Trp,C,NaN
11.9655765920826,4.94725729212016,2.46674483052654,3.2464506501812,NaN,NaN,NaN,NaN,NaN,NaN,NaN,3378800,884430,1.365664,1,0,0,1,0.0587,0.4,0,MAT,Trp,C,NaN
-2.02409638554217,-2.89497170222029,-0.48784907269239,-0.48784907269239,NaN,NaN,NaN,NaN,NaN,NaN,NaN,0,0,0,0,0,0,NaN,0.0587,0.4,0,MAT,Trp,C,NaN
-2.02409638554217,-2.89497170222029,-0.48784907269239,-0.48784907269239,NaN,NaN,NaN,NaN,NaN,NaN,NaN,0,0,0,0,0,0,NaN,0.0587,0.4,0,MAT,Trp,C,NaN
-2.02409638554217,-2.89497170222029,-0.48784907269239,-0.48784907269239,NaN,NaN,NaN,NaN,NaN,NaN,NaN,0,0,0,0,0,0,NaN,0.0587,0.4,0,MAT,Trp,C,NaN
19.918760757315,7.8348498040923,2.58902153059049,3.07267107226604,NaN,NaN,NaN,NaN,NaN,NaN,NaN,NaN,NaN,0,0,0,0,NaN,0.0587,0.4,0,MAT,Trp,C,NaN
-2.02409638554217,-2.89497170222029,-0.48784907269239,-0.48784907269239,NaN,NaN,NaN,NaN,NaN,NaN,NaN,0,0,0,0,0,0,NaN,0.0587,0.4,0,MAT,Trp,C,NaN
19.7645438898451,6.93332607749238,2.77149861436794,3.48008953314858,NaN,NaN,NaN,NaN,NaN,NaN,NaN,4177900,409180,1.018208,1,0,0,1,0.0587,0.4,0,MAT,Trp,C,NaN
17.7376936316695,7.56423595994776,2.36527392879983,3.07386484758047,NaN,NaN,NaN,NaN,NaN,NaN,NaN,NaN,NaN,0,0,0,0,NaN,0.0587,0.4,0,MAT,Trp,C,NaN
13.44165232358,3.86985198084458,2.81498614367939,3.59469196333404,NaN,NaN,NaN,NaN,NaN,NaN,NaN,6054100,1532300,1.20736,1,0,0,1,0.0587,0.4,0,MAT,Trp,C,NaN
-2.02409638554217,-2.89497170222029,-0.48784907269239,-0.48784907269239,NaN,NaN,NaN,NaN,NaN,NaN,NaN,0,0,0,0,0,0,NaN,0.0587,0.4,0,MAT,Trp,C,NaN
-2.02409638554217,-2.89497170222029,-0.48784907269239,-0.48784907269239,NaN,NaN,NaN,NaN,NaN,NaN,NaN,0,0,0,0,0,0,NaN,0.0587,0.4,0,MAT,Trp,C,NaN
11.3487091222031,4.1972355245973,2.61988914943509,3.34365806864208,NaN,NaN,NaN,NaN,NaN,NaN,NaN,3754700,869870,1.294192,1,0,1,2,0.0587,0.4,0,MAT,Trp,C,NaN
23.0251290877797,8.53959512407488,2.77780856960136,3.6850778085696,NaN,NaN,NaN,NaN,NaN,NaN,NaN,2397400,268060,1.365024,1,0,0,1,0.0587,0.4,0,MAT,Trp,C,NaN
22.209982788296,8.14603831084023,2.53172031549776,3.42108292474952,NaN,NaN,NaN,NaN,NaN,NaN,NaN,NaN,NaN,0,0,0,0,NaN,0.0587,0.4,0,MAT,Trp,C,NaN
14.6313253012048,4.76684806269047,2.79707951396291,3.6289703687913,NaN,NaN,NaN,NaN,NaN,NaN,NaN,3002800,712610,1.311456,1,0,0,1,0.0587,0.4,0,MAT,Trp,C,NaN
20.0289156626506,8.81943839791032,2.4696439991473,3.34058836069068,NaN,NaN,NaN,NaN,NaN,NaN,NaN,13267000,909670,4.4056,2,1,0,4,0.0587,0.4,0,MAT,Trp,C,NaN
-2.02409638554217,-2.89497170222029,-0.48784907269239,-0.48784907269239,NaN,NaN,NaN,NaN,NaN,NaN,NaN,0,0,0,0,0,0,NaN,0.0587,0.4,0,MAT,Trp,C,NaN
-2.02409638554217,-2.89497170222029,-0.48784907269239,-0.48784907269239,NaN,NaN,NaN,NaN,NaN,NaN,NaN,0,0,0,0,0,0,NaN,0.0587,0.4,0,MAT,Trp,C,NaN
15.2922547332186,4.46436656508489,2.86972926881262,4.11006182050735,NaN,NaN,NaN,NaN,NaN,NaN,NaN,NaN,NaN,0,0,0,0,NaN,0.0587,0.4,0,MAT,Trp,C,NaN
-2.02409638554217,-2.89497170222029,-0.48784907269239,-0.48784907269239,NaN,NaN,NaN,NaN,NaN,NaN,NaN,0,0,0,0,0,0,NaN,0.0587,0.4,0,MAT,Trp,C,NaN
-2.02409638554217,-2.89497170222029,-0.48784907269239,-0.48784907269239,NaN,NaN,NaN,NaN,NaN,NaN,NaN,0,0,0,0,0,0,NaN,0.0587,0.4,0,MAT,Trp,C,NaN
-2.02409638554217,-2.89497170222029,-0.48784907269239,-0.48784907269239,NaN,NaN,NaN,NaN,NaN,NaN,NaN,0,0,0,0,0,0,NaN,0.0587,0.4,0,MAT,Trp,C,NaN
3.48364888123924,1.42544623421855,1.57090172671072,2.4444041782136,NaN,NaN,NaN,NaN,NaN,NaN,NaN,556540,149270,1.52256,1,0,0,1,0.0587,0.4,0,MAT,Trp,C,NaN
17.297074010327,5.55570309098825,2.91355787678533,3.95742911959071,NaN,NaN,NaN,NaN,NaN,NaN,NaN,NaN,NaN,0,0,0,0,NaN,0.0587,0.4,0,MAT,Trp,C,NaN
-2.02409638554217,-2.89497170222029,-0.48784907269239,-0.48784907269239,NaN,NaN,NaN,NaN,NaN,NaN,NaN,0,0,0,0,0,0,NaN,0.0587,0.4,0,MAT,Trp,C,NaN
-2.02409638554217,-2.89497170222029,-0.48784907269239,-0.48784907269239,NaN,NaN,NaN,NaN,NaN,NaN,NaN,0,0,0,0,0,0,NaN,0.0587,0.4,0,MAT,Trp,C,NaN
19.0154905335628,5.6610579016108,2.84380729055638,3.40846301428267,NaN,NaN,NaN,NaN,NaN,NaN,NaN,3081500,766250,1.360448,1,0,0,1,0.0587,0.4,0,MAT,Trp,C,NaN
-2.02409638554217,-2.89497170222029,-0.48784907269239,-0.48784907269239,NaN,NaN,NaN,NaN,NaN,NaN,NaN,0,0,0,0,0,0,NaN,0.0587,0.4,0,MAT,Trp,C,NaN
-2.02409638554217,-2.89497170222029,-0.48784907269239,-0.48784907269239,NaN,NaN,NaN,NaN,NaN,NaN,NaN,0,0,0,0,0,0,NaN,0.0587,0.4,0,MAT,Trp,C,NaN
-2.02409638554217,-2.89497170222029,-0.48784907269239,-0.48784907269239,NaN,NaN,NaN,NaN,NaN,NaN,NaN,0,0,0,0,0,0,NaN,0.0587,0.4,0,MAT,Trp,C,NaN
25.0299483648881,8.81700043535046,2.86000852696653,3.72140268599446,NaN,NaN,NaN,NaN,NaN,NaN,NaN,4893400,430860,7.55456,2,1,0,4,0.0587,0.4,0,MAT,Trp,C,NaN
17.8698795180723,5.76728341314758,2.92037945001066,3.77614581112769,NaN,NaN,NaN,NaN,NaN,NaN,NaN,6083300,1014900,1.133776,1,0,0,1,0.0587,0.4,0,MAT,Trp,C,NaN
12.1858864027539,5.54908576404005,2.18330846301428,2.82197825623534,NaN,NaN,NaN,NaN,NaN,NaN,NaN,2934500,525560,1.398624,1,0,0,1,0.0587,0.4,0,MAT,Trp,C,NaN
12.6925989672978,5.30912059207662,2.40535067149861,3.36582818162439,NaN,NaN,NaN,NaN,NaN,NaN,NaN,1418900,59810,0.948144,1,0,0,1,0.0587,0.4,0,MAT,Trp,C,NaN
-2.02409638554217,-2.89497170222029,-0.48784907269239,-0.48784907269239,NaN,NaN,NaN,NaN,NaN,NaN,NaN,0,0,0,0,0,0,NaN,0.0587,0.4,0,MAT,Trp,C,NaN
22.0557659208262,7.72548976926426,2.84585376252398,3.52715838840333,NaN,NaN,NaN,NaN,NaN,NaN,NaN,4078300,819400,1.3976,1,0,0,1,0.0587,0.4,0,MAT,Trp,C,NaN
-2.02409638554217,-2.89497170222029,-0.48784907269239,-0.48784907269239,NaN,NaN,NaN,NaN,NaN,NaN,NaN,0,0,0,0,0,0,NaN,0.0587,0.4,0,MAT,Trp,C,NaN
-2.02409638554217,-2.89497170222029,-0.48784907269239,-0.48784907269239,NaN,NaN,NaN,NaN,NaN,NaN,NaN,0,0,0,0,0,0,NaN,0.0587,0.4,0,MAT,Trp,C,NaN
-2.02409638554217,-2.89497170222029,-0.48784907269239,-0.48784907269239,NaN,NaN,NaN,NaN,NaN,NaN,NaN,0,0,0,0,0,0,NaN,0.0587,0.4,0,MAT,Trp,C,NaN
-2.02409638554217,-2.89497170222029,-0.48784907269239,-0.48784907269239,NaN,NaN,NaN,NaN,NaN,NaN,NaN,0,0,0,0,0,0,NaN,0.0587,0.4,0,MAT,Trp,C,NaN
15.2922547332186,4.86558554636482,2.7450650181198,3.55342144532083,NaN,NaN,NaN,NaN,NaN,NaN,NaN,1169900,253090,1.42464,1,0,0,1,0.0587,0.4,0,MAT,Trp,C,NaN
17.649569707401,5.68404440574663,2.90520144958431,3.76079727137071,NaN,NaN,NaN,NaN,NaN,NaN,NaN,NaN,NaN,0,0,0,0,NaN,0.0587,0.4,0,MAT,Trp,C,NaN
-2.02409638554217,-2.89497170222029,-0.48784907269239,-0.48784907269239,NaN,NaN,NaN,NaN,NaN,NaN,NaN,0,0,0,0,0,0,NaN,0.0587,0.4,0,MAT,Trp,C,NaN
-2.02409638554217,-2.89497170222029,-0.48784907269239,-0.48784907269239,NaN,NaN,NaN,NaN,NaN,NaN,NaN,0,0,0,0,0,0,NaN,0.0587,0.4,0,MAT,Trp,C,NaN
23.9724612736661,7.98426208097518,2.88900021317416,3.81571093583458,NaN,NaN,NaN,NaN,NaN,NaN,NaN,5445300,1124500,1.341632,1,0,1,2,0.0587,0.4,0,MAT,Trp,C,NaN
20.0289156626506,9.06863299956465,2.32178639948838,3.17294819867832,NaN,NaN,NaN,NaN,NaN,NaN,NaN,4602200,350120,3.14272,2,0,1,3,0.0587,0.4,0,MAT,Trp,C,NaN
13.3975903614458,4.06750108837614,2.87024088680452,3.74050309102537,NaN,NaN,NaN,NaN,NaN,NaN,NaN,3430900,912230,1.69104,1,0,0,1,0.0587,0.4,0,MAT,Trp,C,NaN
21.2626506024096,7.61003482803657,2.88320187593264,3.64448944787892,NaN,NaN,NaN,NaN,NaN,NaN,NaN,4303600,950130,1.310688,1,0,0,1,0.0587,0.4,0,MAT,Trp,C,NaN
-2.02409638554217,-2.89497170222029,-0.48784907269239,-0.48784907269239,NaN,NaN,NaN,NaN,NaN,NaN,NaN,0,0,0,0,0,0,NaN,0.0587,0.4,0,MAT,Trp,C,NaN
25.9552495697074,9.24172834131476,2.68418247708378,3.46644638669793,NaN,NaN,NaN,NaN,NaN,NaN,NaN,NaN,NaN,0,0,0,0,NaN,0.0587,0.4,0,MAT,Trp,C,NaN
-2.02409638554217,-2.89497170222029,-0.48784907269239,-0.48784907269239,NaN,NaN,NaN,NaN,NaN,NaN,NaN,0,0,0,0,0,0,NaN,0.0587,0.4,0,MAT,Trp,C,NaN
-2.02409638554217,-2.89497170222029,-0.48784907269239,-0.48784907269239,NaN,NaN,NaN,NaN,NaN,NaN,NaN,0,0,0,0,0,0,NaN,0.0587,0.4,0,MAT,Trp,C,NaN
10.7538726333907,3.87629516760993,2.59635472180772,3.51027499467065,NaN,NaN,NaN,NaN,NaN,NaN,NaN,5159200,1181000,1.241664,1,0,0,1,0.0587,0.4,0,MAT,Trp,C,NaN
-2.02409638554217,-2.89497170222029,-0.48784907269239,-0.48784907269239,NaN,NaN,NaN,NaN,NaN,NaN,NaN,0,0,0,0,0,0,NaN,0.0587,0.4,0,MAT,Trp,C,NaN
-2.02409638554217,-2.89497170222029,-0.48784907269239,-0.48784907269239,NaN,NaN,NaN,NaN,NaN,NaN,NaN,0,0,0,0,0,0,NaN,0.0587,0.4,0,MAT,Trp,C,NaN
-2.02409638554217,-2.89497170222029,-0.48784907269239,-0.48784907269239,NaN,NaN,NaN,NaN,NaN,NaN,NaN,0,0,0,0,0,0,NaN,0.0587,0.4,0,MAT,Trp,C,NaN
-2.02409638554217,-2.89497170222029,-0.48784907269239,-0.48784907269239,NaN,NaN,NaN,NaN,NaN,NaN,NaN,0,0,0,0,0,0,NaN,0.0587,0.4,0,MAT,Trp,C,NaN
11.4368330464716,3.49597300827166,2.67241526327009,3.59707951396291,NaN,NaN,NaN,NaN,NaN,NaN,NaN,7397000,1624800,1.209488,1,0,0,1,0.0587,0.4,0,MAT,Trp,C,NaN
-2.02409638554217,-2.89497170222029,-0.48784907269239,-0.48784907269239,NaN,NaN,NaN,NaN,NaN,NaN,NaN,0,0,0,0,0,0,NaN,0.0587,0.4,0,MAT,Trp,C,NaN
17.3411359724613,6.07220287331302,2.6374547004903,3.22717970581965,NaN,NaN,NaN,NaN,NaN,NaN,NaN,4901600,1254500,1.435024,1,0,0,1,0.0587,0.4,0,MAT,Trp,C,NaN
-2.02409638554217,-2.89497170222029,-0.48784907269239,-0.48784907269239,NaN,NaN,NaN,NaN,NaN,NaN,NaN,0,0,0,0,0,0,NaN,0.0587,0.4,0,MAT,Trp,C,NaN
-2.02409638554217,-2.89497170222029,-0.48784907269239,-0.48784907269239,NaN,NaN,NaN,NaN,NaN,NaN,NaN,0,0,0,0,0,0,NaN,0.0587,0.4,0,MAT,Trp,C,NaN
-2.02409638554217,-2.89497170222029,-0.48784907269239,-0.48784907269239,NaN,NaN,NaN,NaN,NaN,NaN,NaN,0,0,0,0,0,0,NaN,0.0587,0.4,0,MAT,Trp,C,NaN
-2.02409638554217,-2.89497170222029,-0.48784907269239,-0.48784907269239,NaN,NaN,NaN,NaN,NaN,NaN,NaN,0,0,0,0,0,0,NaN,0.0587,0.4,0,MAT,Trp,C,NaN
18.9273666092943,6.22405311275577,2.81447452568749,3.64721807716905,NaN,NaN,NaN,NaN,NaN,NaN,NaN,5595200,1435000,1.381552,1,0,0,1,0.0587,0.4,0,MAT,Trp,C,NaN
17.7156626506024,6.19984762734001,2.8547218077169,3.49543807290556,NaN,NaN,NaN,NaN,NaN,NaN,NaN,NaN,NaN,0,0,0,0,NaN,0.0587,0.4,0,MAT,Trp,C,NaN
-2.02409638554217,-2.89497170222029,-0.48784907269239,-0.48784907269239,NaN,NaN,NaN,NaN,NaN,NaN,NaN,0,0,0,0,0,0,NaN,0.0587,0.4,0,MAT,Trp,C,NaN
18.4206540447504,7.93323900740096,2.5586655297378,3.12127478149648,NaN,NaN,NaN,NaN,NaN,NaN,NaN,NaN,NaN,0,0,0,0,NaN,0.0587,0.4,0,MAT,Trp,C,NaN
19.4340791738382,8.43720069656073,2.57878917075251,3.29880622468557,NaN,NaN,NaN,NaN,NaN,NaN,NaN,16616000,730320,6.73216,2,0,0,3,0.0587,0.4,0,MAT,Trp,C,NaN
15.0499139414802,5.28143230300392,2.76842890641654,3.42739287998295,NaN,NaN,NaN,NaN,NaN,NaN,NaN,2596700,700760,1.256752,1,0,0,1,0.0587,0.4,0,MAT,Trp,C,NaN
-2.02409638554217,-2.89497170222029,-0.48784907269239,-0.48784907269239,NaN,NaN,NaN,NaN,NaN,NaN,NaN,0,0,0,0,0,0,NaN,0.0587,0.4,0,MAT,Trp,C,NaN
-2.02409638554217,-2.89497170222029,-0.48784907269239,-0.48784907269239,NaN,NaN,NaN,NaN,NaN,NaN,NaN,0,0,0,0,0,0,NaN,0.0587,0.4,0,MAT,Trp,C,NaN
-2.02409638554217,-2.89497170222029,-0.48784907269239,-0.48784907269239,NaN,NaN,NaN,NaN,NaN,NaN,NaN,0,0,0,0,0,0,NaN,0.0587,0.4,0,MAT,Trp,C,NaN
16.1734939759036,6.09588593818023,2.68878703901087,3.28635685354935,NaN,NaN,NaN,NaN,NaN,NaN,NaN,4615200,1075200,1.28696,1,0,0,1,0.0587,0.4,0,MAT,Trp,C,NaN
-2.02409638554217,-2.89497170222029,-0.48784907269239,-0.48784907269239,NaN,NaN,NaN,NaN,NaN,NaN,NaN,0,0,0,0,0,0,NaN,0.0587,0.4,0,MAT,Trp,C,NaN
16.7242685025818,6.07446669569003,2.54024728202942,3.3298443828608,NaN,NaN,NaN,NaN,NaN,NaN,NaN,3385000,875120,1.501776,1,0,0,1,0.0587,0.4,0,MAT,Trp,C,NaN
15.887091222031,5.26523726599913,2.81259859305052,3.5743977829887,NaN,NaN,NaN,NaN,NaN,NaN,NaN,4392700,1124200,1.44272,1,0,0,1,0.0587,0.4,0,MAT,Trp,C,NaN
8.74905335628227,3.4839573356552,2.29177147729695,2.99814538477936,NaN,NaN,NaN,NaN,NaN,NaN,NaN,NaN,NaN,0,0,0,0,NaN,0.0587,0.4,0,MAT,Trp,C,NaN
-2.02409638554217,-2.89497170222029,-0.48784907269239,-0.48784907269239,NaN,NaN,NaN,NaN,NaN,NaN,NaN,0,0,0,0,0,0,NaN,0.0587,0.4,0,MAT,Trp,C,NaN
15.3803786574871,5.57990857640401,2.69492645491366,3.51334470262204,NaN,NaN,NaN,NaN,NaN,NaN,NaN,5419800,1095900,1.244896,1,0,0,1,0.0587,0.4,0,MAT,Trp,C,NaN
-2.02409638554217,-2.89497170222029,-0.48784907269239,-0.48784907269239,NaN,NaN,NaN,NaN,NaN,NaN,NaN,0,0,0,0,0,0,NaN,0.0587,0.4,0,MAT,Trp,C,NaN
16.5480206540448,5.11042664344798,2.75563845661906,3.59128117672138,NaN,NaN,NaN,NaN,NaN,NaN,NaN,3489200,815480,1.289984,1,0,0,1,0.0587,0.4,0,MAT,Trp,C,NaN
-2.02409638554217,-2.89497170222029,-0.48784907269239,-0.48784907269239,NaN,NaN,NaN,NaN,NaN,NaN,NaN,0,0,0,0,0,0,NaN,0.0587,0.4,0,MAT,Trp,C,NaN
-2.02409638554217,-2.89497170222029,-0.48784907269239,-0.48784907269239,NaN,NaN,NaN,NaN,NaN,NaN,NaN,0,0,0,0,0,0,NaN,0.0587,0.4,0,MAT,Trp,C,NaN
14.9177280550775,5.76240748802786,2.64478789170752,3.50754636538052,NaN,NaN,NaN,NaN,NaN,NaN,NaN,4525500,743760,1.096528,1,0,0,1,0.0587,0.4,0,MAT,Trp,C,NaN
21.1084337349398,7.00367871136265,2.82027286292901,3.52374760179066,NaN,NaN,NaN,NaN,NaN,NaN,NaN,3871500,750720,1.253136,1,0,0,1,0.0587,0.4,0,MAT,Trp,C,NaN
-2.02409638554217,-2.89497170222029,-0.48784907269239,-0.48784907269239,NaN,NaN,NaN,NaN,NaN,NaN,NaN,0,0,0,0,0,0,NaN,0.0587,0.4,0,MAT,Trp,C,NaN
-2.02409638554217,-2.89497170222029,-0.48784907269239,-0.48784907269239,NaN,NaN,NaN,NaN,NaN,NaN,NaN,0,0,0,0,0,0,NaN,0.0587,0.4,0,MAT,Trp,C,NaN
15.4685025817556,5.269939050936,2.54723939458538,3.09296525261138,NaN,NaN,NaN,NaN,NaN,NaN,NaN,4298200,1212200,1.366928,1,0,0,1,0.0587,0.4,0,MAT,Trp,C,NaN
22.2540447504303,7.64381802350893,2.83715625666169,3.45416755489235,NaN,NaN,NaN,NaN,NaN,NaN,NaN,3959000,496000,1.063616,1,0,0,1,0.0587,0.4,0,MAT,Trp,C,NaN
14.7194492254733,5.52522855898999,2.74489447878917,3.61004050309103,NaN,NaN,NaN,NaN,NaN,NaN,NaN,NaN,NaN,0,0,0,0,NaN,0.0587,0.4,0,MAT,Trp,C,NaN
-2.02409638554217,-2.89497170222029,-0.48784907269239,-0.48784907269239,NaN,NaN,NaN,NaN,NaN,NaN,NaN,0,0,0,0,0,0,NaN,0.0587,0.4,0,MAT,Trp,C,NaN
26.3518072289157,9.29606007836308,2.79025794073758,3.72805371988915,NaN,NaN,NaN,NaN,NaN,NaN,NaN,3855300,334230,6.57344,2,0,0,3,0.0587,0.4,0,MAT,Trp,C,NaN
15.182099827883,6.73358728776665,2.36987849072692,3.42602856533788,NaN,NaN,NaN,NaN,NaN,NaN,NaN,5228300,857120,1.29016,1,0,0,1,0.0587,0.4,0,MAT,Trp,C,NaN
11.7232358003442,5.70076186329996,2.18296738435302,2.91202302280964,NaN,NaN,NaN,NaN,NaN,NaN,NaN,1480500,299750,1.273936,1,0,0,1,0.0587,0.4,0,MAT,Trp,C,NaN
-2.02409638554217,-2.89497170222029,-0.48784907269239,-0.48784907269239,NaN,NaN,NaN,NaN,NaN,NaN,NaN,0,0,0,0,0,0,NaN,0.0587,0.4,0,MAT,Trp,C,NaN
-2.02409638554217,-2.89497170222029,-0.48784907269239,-0.48784907269239,NaN,NaN,NaN,NaN,NaN,NaN,NaN,0,0,0,0,0,0,NaN,0.0587,0.4,0,MAT,Trp,C,NaN
-2.02409638554217,-2.89497170222029,-0.48784907269239,-0.48784907269239,NaN,NaN,NaN,NaN,NaN,NaN,NaN,0,0,0,0,0,0,NaN,0.0587,0.4,0,MAT,Trp,C,NaN
-2.02409638554217,-2.89497170222029,-0.48784907269239,-0.48784907269239,NaN,NaN,NaN,NaN,NaN,NaN,NaN,0,0,0,0,0,0,NaN,0.0587,0.4,0,MAT,Trp,C,NaN
-2.02409638554217,-2.89497170222029,-0.48784907269239,-0.48784907269239,NaN,NaN,NaN,NaN,NaN,NaN,NaN,0,0,0,0,0,0,NaN,0.0587,0.4,0,MAT,Trp,C,NaN
20.6457831325301,7.84111885067479,2.79725005329354,3.63749733532296,NaN,NaN,NaN,NaN,NaN,NaN,NaN,3901700,961730,1.519408,1,0,0,1,0.0587,0.4,0,MAT,Trp,C,NaN
-2.02409638554217,-2.89497170222029,-0.48784907269239,-0.48784907269239,NaN,NaN,NaN,NaN,NaN,NaN,NaN,0,0,0,0,0,0,NaN,0.0587,0.4,0,MAT,Trp,C,NaN
-2.02409638554217,-2.89497170222029,-0.48784907269239,-0.48784907269239,NaN,NaN,NaN,NaN,NaN,NaN,NaN,0,0,0,0,0,0,NaN,0.0587,0.4,0,MAT,Trp,C,NaN
26.2636833046472,8.99932520679147,2.86376039224046,3.63732679599233,NaN,NaN,NaN,NaN,NaN,NaN,NaN,5233800,568520,8.56416,2,0,0,3,0.0587,0.4,0,MAT,Trp,C,NaN
-2.02409638554217,-2.89497170222029,-0.48784907269239,-0.48784907269239,NaN,NaN,NaN,NaN,NaN,NaN,NaN,0,0,0,0,0,0,NaN,0.0587,0.4,0,MAT,Trp,C,NaN
19.9407917383821,6.77921201567262,2.8850778085696,3.74698358558943,NaN,NaN,NaN,NaN,NaN,NaN,NaN,NaN,NaN,0,0,0,0,NaN,0.0587,0.4,0,MAT,Trp,C,NaN
19.213769363167,6.81630387461907,2.89513962907696,3.69548070773822,NaN,NaN,NaN,NaN,NaN,NaN,NaN,4049500,570620,1.571824,1,0,0,1,0.0587,0.4,0,MAT,Trp,C,NaN
-2.02409638554217,-2.89497170222029,-0.48784907269239,-0.48784907269239,NaN,NaN,NaN,NaN,NaN,NaN,NaN,0,0,0,0,0,0,NaN,0.0587,0.4,0,MAT,Trp,C,NaN
17.4512908777969,6.07864606007836,2.87296951609465,3.716968663398,NaN,NaN,NaN,NaN,NaN,NaN,NaN,4787700,821570,1.269152,1,0,0,1,0.0587,0.4,0,MAT,Trp,C,NaN
-2.02409638554217,-2.89497170222029,-0.48784907269239,-0.48784907269239,NaN,NaN,NaN,NaN,NaN,NaN,NaN,0,0,0,0,0,0,NaN,0.0587,0.4,0,MAT,Trp,C,NaN
-2.02409638554217,-2.89497170222029,-0.48784907269239,-0.48784907269239,NaN,NaN,NaN,NaN,NaN,NaN,NaN,0,0,0,0,0,0,NaN,0.0587,0.4,0,MAT,Trp,C,NaN
20.9542168674699,6.80864170657379,2.91099978682584,3.80138563206139,NaN,NaN,NaN,NaN,NaN,NaN,NaN,4686000,959110,1.295632,1,0,0,1,0.0587,0.4,0,MAT,Trp,C,NaN
-2.02409638554217,-2.89497170222029,-0.48784907269239,-0.48784907269239,NaN,NaN,NaN,NaN,NaN,NaN,NaN,0,0,0,0,0,0,NaN,0.0587,0.4,0,MAT,Trp,C,NaN
5.44440619621342,3.54508053983457,1.46158601577489,1.96450650181198,NaN,NaN,NaN,NaN,NaN,NaN,NaN,1568300,144160,1.035744,1,0,0,1,0.0587,0.4,0,MAT,Trp,C,NaN
-2.02409638554217,-2.89497170222029,-0.48784907269239,-0.48784907269239,NaN,NaN,NaN,NaN,NaN,NaN,NaN,0,0,0,0,0,0,NaN,0.0587,0.4,0,MAT,Trp,C,NaN
12.6705679862306,4.52705703090988,2.76160733319122,3.52681730974206,NaN,NaN,NaN,NaN,NaN,NaN,NaN,4493800,968020,1.276,1,0,0,1,0.0587,0.4,0,MAT,Trp,C,NaN
-2.02409638554217,-2.89497170222029,-0.48784907269239,-0.48784907269239,NaN,NaN,NaN,NaN,NaN,NaN,NaN,0,0,0,0,0,0,NaN,0.0587,0.4,0,MAT,Trp,C,NaN
-2.02409638554217,-2.89497170222029,-0.48784907269239,-0.48784907269239,NaN,NaN,NaN,NaN,NaN,NaN,NaN,0,0,0,0,0,0,NaN,0.0587,0.4,0,MAT,Trp,C,NaN
-2.02409638554217,-2.89497170222029,-0.48784907269239,-0.48784907269239,NaN,NaN,NaN,NaN,NaN,NaN,NaN,0,0,0,0,0,0,NaN,0.0587,0.4,0,MAT,Trp,C,NaN
-2.02409638554217,-2.89497170222029,-0.48784907269239,-0.48784907269239,NaN,NaN,NaN,NaN,NaN,NaN,NaN,0,0,0,0,0,0,NaN,0.0587,0.4,0,MAT,Trp,C,NaN
20.6457831325301,7.54856334349151,2.91969729268813,3.94821999573652,NaN,NaN,NaN,NaN,NaN,NaN,NaN,6284300,1461300,1.574848,1,0,0,1,0.0587,0.4,0,MAT,Trp,C,NaN
18.1342512908778,6.56171092729647,2.89309315710936,3.56928160306971,NaN,NaN,NaN,NaN,NaN,NaN,NaN,4322800,970070,1.273376,1,0,0,1,0.0587,0.4,0,MAT,Trp,C,NaN
-2.02409638554217,-2.89497170222029,-0.48784907269239,-0.48784907269239,NaN,NaN,NaN,NaN,NaN,NaN,NaN,0,0,0,0,0,0,NaN,0.0587,0.4,0,MAT,Trp,C,NaN
-2.02409638554217,-2.89497170222029,-0.48784907269239,-0.48784907269239,NaN,NaN,NaN,NaN,NaN,NaN,NaN,0,0,0,0,0,0,NaN,0.0587,0.4,0,MAT,Trp,C,NaN
14.6533562822719,5.48778841967784,2.63881901513537,3.28192283095289,NaN,NaN,NaN,NaN,NaN,NaN,NaN,11734000,1319200,6.21584,2,0,0,3,0.0587,0.4,0,MAT,Trp,C,NaN
-2.02409638554217,-2.89497170222029,-0.48784907269239,-0.48784907269239,NaN,NaN,NaN,NaN,NaN,NaN,NaN,0,0,0,0,0,0,NaN,0.0587,0.4,0,MAT,Trp,C,NaN
-2.02409638554217,-2.89497170222029,-0.48784907269239,-0.48784907269239,NaN,NaN,NaN,NaN,NaN,NaN,NaN,0,0,0,0,0,0,NaN,0.0587,0.4,0,MAT,Trp,C,NaN
-2.02409638554217,-2.89497170222029,-0.48784907269239,-0.48784907269239,NaN,NaN,NaN,NaN,NaN,NaN,NaN,0,0,0,0,0,0,NaN,0.0587,0.4,0,MAT,Trp,C,NaN
-2.02409638554217,-2.89497170222029,-0.48784907269239,-0.48784907269239,NaN,NaN,NaN,NaN,NaN,NaN,NaN,0,0,0,0,0,0,NaN,0.0587,0.4,0,MAT,Trp,C,NaN
-2.02409638554217,-2.89497170222029,-0.48784907269239,-0.48784907269239,NaN,NaN,NaN,NaN,NaN,NaN,NaN,0,0,0,0,0,0,NaN,0.0587,0.4,0,MAT,Trp,C,NaN
-2.02409638554217,-2.89497170222029,-0.48784907269239,-0.48784907269239,NaN,NaN,NaN,NaN,NaN,NaN,NaN,0,0,0,0,0,0,NaN,0.0587,0.4,0,MAT,Trp,C,NaN
-2.02409638554217,-2.89497170222029,-0.48784907269239,-0.48784907269239,NaN,NaN,NaN,NaN,NaN,NaN,NaN,0,0,0,0,0,0,NaN,0.0587,0.4,0,MAT,Trp,C,NaN
16.063339070568,5.80785807575098,2.79759113195481,3.7705180132168,NaN,NaN,NaN,NaN,NaN,NaN,NaN,NaN,NaN,0,0,0,0,NaN,0.0587,0.4,0,MAT,Trp,C,NaN
18.1342512908778,6.72801480191554,2.54212321466638,3.75175868684715,NaN,NaN,NaN,NaN,NaN,NaN,NaN,5760400,456100,5.41888,2,1,0,4,0.0587,0.4,0,MAT,Trp,C,NaN
-2.02409638554217,-2.89497170222029,-0.48784907269239,-0.48784907269239,NaN,NaN,NaN,NaN,NaN,NaN,NaN,0,0,0,0,0,0,NaN,0.0587,0.4,0,MAT,Trp,C,NaN
-2.02409638554217,-2.89497170222029,-0.48784907269239,-0.48784907269239,NaN,NaN,NaN,NaN,NaN,NaN,NaN,0,0,0,0,0,0,NaN,0.0587,0.4,0,MAT,Trp,C,NaN
-2.02409638554217,-2.89497170222029,-0.48784907269239,-0.48784907269239,NaN,NaN,NaN,NaN,NaN,NaN,NaN,0,0,0,0,0,0,NaN,0.0587,0.4,0,MAT,Trp,C,NaN
13.8382099827883,5.39183717892904,2.59669580046898,3.3849285866553,NaN,NaN,NaN,NaN,NaN,NaN,NaN,5644200,1341900,1.394656,1,0,0,1,0.0587,0.4,0,MAT,Trp,C,NaN
-2.02409638554217,-2.89497170222029,-0.48784907269239,-0.48784907269239,NaN,NaN,NaN,NaN,NaN,NaN,NaN,0,0,0,0,0,0,NaN,0.0587,0.4,0,MAT,Trp,C,NaN
18.3545611015491,5.8717675228559,2.84926454913664,3.48571733105948,NaN,NaN,NaN,NaN,NaN,NaN,NaN,6020500,1257300,1.340096,1,0,0,1,0.0587,0.4,0,MAT,Trp,C,NaN
12.4943201376936,4.10894645189378,2.65791942016628,3.2464506501812,NaN,NaN,NaN,NaN,NaN,NaN,NaN,1586700,412280,1.33144,1,0,0,1,0.0587,0.4,0,MAT,Trp,C,NaN
-2.02409638554217,-2.89497170222029,-0.48784907269239,-0.48784907269239,NaN,NaN,NaN,NaN,NaN,NaN,NaN,0,0,0,0,0,0,NaN,0.0587,0.4,0,MAT,Trp,C,NaN
25.2282271944923,9.83728776665215,2.78394798550416,3.46849285866553,NaN,NaN,NaN,NaN,NaN,NaN,NaN,NaN,NaN,0,0,0,0,NaN,0.0587,0.4,0,MAT,Trp,C,NaN
-2.02409638554217,-2.89497170222029,-0.48784907269239,-0.48784907269239,NaN,NaN,NaN,NaN,NaN,NaN,NaN,0,0,0,0,0,0,NaN,0.0587,0.4,0,MAT,Trp,C,NaN
13.1552495697074,4.40428820200261,2.66388829673844,3.31210829247495,NaN,NaN,NaN,NaN,NaN,NaN,NaN,5724200,1326800,1.256944,1,0,0,1,0.0587,0.4,0,MAT,Trp,C,NaN
-2.02409638554217,-2.89497170222029,-0.48784907269239,-0.48784907269239,NaN,NaN,NaN,NaN,NaN,NaN,NaN,0,0,0,0,0,0,NaN,0.0587,0.4,0,MAT,Trp,C,NaN
15.4464716006885,5.73715716151502,2.65075676827968,3.48929865700277,NaN,NaN,NaN,NaN,NaN,NaN,NaN,2485000,502290,1.184032,1,0,0,1,0.0587,0.4,0,MAT,Trp,C,NaN
-2.02409638554217,-2.89497170222029,-0.48784907269239,-0.48784907269239,NaN,NaN,NaN,NaN,NaN,NaN,NaN,0,0,0,0,0,0,NaN,0.0587,0.4,0,MAT,Trp,C,NaN
-2.02409638554217,-2.89497170222029,-0.48784907269239,-0.48784907269239,NaN,NaN,NaN,NaN,NaN,NaN,NaN,0,0,0,0,0,0,NaN,0.0587,0.4,0,MAT,Trp,C,NaN
-2.02409638554217,-2.89497170222029,-0.48784907269239,-0.48784907269239,NaN,NaN,NaN,NaN,NaN,NaN,NaN,0,0,0,0,0,0,NaN,0.0587,0.4,0,MAT,Trp,C,NaN
-2.02409638554217,-2.89497170222029,-0.48784907269239,-0.48784907269239,NaN,NaN,NaN,NaN,NaN,NaN,NaN,0,0,0,0,0,0,NaN,0.0587,0.4,0,MAT,Trp,C,NaN
-2.02409638554217,-2.89497170222029,-0.48784907269239,-0.48784907269239,NaN,NaN,NaN,NaN,NaN,NaN,NaN,0,0,0,0,0,0,NaN,0.0587,0.4,0,MAT,Trp,C,NaN
15.9531841652324,5.90642141924249,2.68827542101897,3.47889575783415,NaN,NaN,NaN,NaN,NaN,NaN,NaN,2722500,558040,1.209376,1,0,0,1,0.0587,0.4,0,MAT,Trp,C,NaN
-2.02409638554217,-2.89497170222029,-0.48784907269239,-0.48784907269239,NaN,NaN,NaN,NaN,NaN,NaN,NaN,0,0,0,0,0,0,NaN,0.0587,0.4,0,MAT,Trp,C,NaN
24.8757314974182,9.22222464083587,2.87365167341718,4.03178426774675,NaN,NaN,NaN,NaN,NaN,NaN,NaN,8414500,821340,4.72736,2,1,0,4,0.0587,0.4,0,MAT,Trp,C,NaN
-2.02409638554217,-2.89497170222029,-0.48784907269239,-0.48784907269239,NaN,NaN,NaN,NaN,NaN,NaN,NaN,0,0,0,0,0,0,NaN,0.0587,0.4,0,MAT,Trp,C,NaN
25.8450946643718,9.00211144971702,2.90417821360051,3.50669366872735,NaN,NaN,NaN,NaN,NaN,NaN,NaN,5480100,410060,6.01088,2,0,0,3,0.0587,0.4,0,MAT,Trp,C,NaN
-2.02409638554217,-2.89497170222029,-0.48784907269239,-0.48784907269239,NaN,NaN,NaN,NaN,NaN,NaN,NaN,0,0,0,0,0,0,NaN,0.0587,0.4,0,MAT,Trp,C,NaN
14.2567986230637,5.37111449717022,2.70771690471115,3.47906629716478,NaN,NaN,NaN,NaN,NaN,NaN,NaN,3865100,785290,1.229344,1,0,0,1,0.0587,0.4,0,MAT,Trp,C,NaN
-2.02409638554217,-2.89497170222029,-0.48784907269239,-0.48784907269239,NaN,NaN,NaN,NaN,NaN,NaN,NaN,0,0,0,0,0,0,NaN,0.0587,0.4,0,MAT,Trp,C,NaN
-2.02409638554217,-2.89497170222029,-0.48784907269239,-0.48784907269239,NaN,NaN,NaN,NaN,NaN,NaN,NaN,0,0,0,0,0,0,NaN,0.0587,0.4,0,MAT,Trp,C,NaN
-2.02409638554217,-2.89497170222029,-0.48784907269239,-0.48784907269239,NaN,NaN,NaN,NaN,NaN,NaN,NaN,0,0,0,0,0,0,NaN,0.0587,0.4,0,MAT,Trp,C,NaN
-2.02409638554217,-2.89497170222029,-0.48784907269239,-0.48784907269239,NaN,NaN,NaN,NaN,NaN,NaN,NaN,0,0,0,0,0,0,NaN,0.0587,0.4,0,MAT,Trp,C,NaN
-2.02409638554217,-2.89497170222029,-0.48784907269239,-0.48784907269239,NaN,NaN,NaN,NaN,NaN,NaN,NaN,0,0,0,0,0,0,NaN,0.0587,0.4,0,MAT,Trp,C,NaN
21.3948364888124,7.53463212886374,2.84056704327436,3.76523129396717,NaN,NaN,NaN,NaN,NaN,NaN,NaN,5538400,998120,1.189632,1,0,0,1,0.0587,0.4,0,MAT,Trp,C,NaN
28.5549053356282,11.5226164562473,2.64376465572373,3.49526753357493,NaN,NaN,NaN,NaN,NaN,NaN,NaN,2113600,223890,0.81984,1,0,0,1,0.0587,0.4,0,MAT,Trp,C,NaN
25.3824440619621,10.1357640400522,2.60300575570241,3.45416755489235,NaN,NaN,NaN,NaN,NaN,NaN,NaN,5631900,479900,7.1216,2,0,0,3,0.0587,0.4,0,MAT,Trp,C,NaN
-2.02409638554217,-2.89497170222029,-0.48784907269239,-0.48784907269239,NaN,NaN,NaN,NaN,NaN,NaN,NaN,0,0,0,0,0,0,NaN,0.0587,0.4,0,MAT,Trp,C,NaN
-2.02409638554217,-2.89497170222029,-0.48784907269239,-0.48784907269239,NaN,NaN,NaN,NaN,NaN,NaN,NaN,0,0,0,0,0,0,NaN,0.0587,0.4,0,MAT,Trp,C,NaN
-2.02409638554217,-2.89497170222029,-0.48784907269239,-0.48784907269239,NaN,NaN,NaN,NaN,NaN,NaN,NaN,0,0,0,0,0,0,NaN,0.0587,0.4,0,MAT,Trp,C,NaN
18.8172117039587,6.35779277318241,2.78104881688339,3.65216371775741,NaN,NaN,NaN,NaN,NaN,NaN,NaN,4801300,1016900,1.441296,1,0,0,1,0.0587,0.4,0,MAT,Trp,C,NaN
-2.02409638554217,-2.89497170222029,-0.48784907269239,-0.48784907269239,NaN,NaN,NaN,NaN,NaN,NaN,NaN,0,0,0,0,0,0,NaN,0.0587,0.4,0,MAT,Trp,C,NaN
11.9655765920826,3.46985198084458,2.80560648049456,3.57883180558516,NaN,NaN,NaN,NaN,NaN,NaN,NaN,1665900,354360,1.387536,1,0,0,1,0.0587,0.4,0,MAT,Trp,C,NaN
-2.02409638554217,-2.89497170222029,-0.48784907269239,-0.48784907269239,NaN,NaN,NaN,NaN,NaN,NaN,NaN,0,0,0,0,0,0,NaN,0.0587,0.4,0,MAT,Trp,C,NaN
12.2960413080895,4.1072050500653,2.58885099125986,3.23809422298018,NaN,NaN,NaN,NaN,NaN,NaN,NaN,1557000,302000,1.138032,1,0,0,1,0.0587,0.4,0,MAT,Trp,C,NaN
9.58623063683305,3.1304527644754,2.28051588147517,3.07147729695161,NaN,NaN,NaN,NaN,NaN,NaN,NaN,6174200,825020,1.6368,1,0,0,1,0.0587,0.4,0,MAT,Trp,C,NaN
15.6006884681583,6.17964736612973,2.62381155403965,3.64073758260499,NaN,NaN,NaN,NaN,NaN,NaN,NaN,7037100,1334700,1.221088,1,0,0,1,0.0587,0.4,0,MAT,Trp,C,NaN
-2.02409638554217,-2.89497170222029,-0.48784907269239,-0.48784907269239,NaN,NaN,NaN,NaN,NaN,NaN,NaN,0,0,0,0,0,0,NaN,0.0587,0.4,0,MAT,Trp,C,NaN
-2.02409638554217,-2.89497170222029,-0.48784907269239,-0.48784907269239,NaN,NaN,NaN,NaN,NaN,NaN,NaN,0,0,0,0,0,0,NaN,0.0587,0.4,0,MAT,Trp,C,NaN
13.0671256454389,4.30746626033957,2.74165423150714,3.822020891068,NaN,NaN,NaN,NaN,NaN,NaN,NaN,7412200,2162500,1.415712,1,0,0,1,0.0587,0.4,0,MAT,Trp,C,NaN
-2.02409638554217,-2.89497170222029,-0.48784907269239,-0.48784907269239,NaN,NaN,NaN,NaN,NaN,NaN,NaN,0,0,0,0,0,0,NaN,0.0587,0.4,0,MAT,Trp,C,NaN
-2.02409638554217,-2.89497170222029,-0.48784907269239,-0.48784907269239,NaN,NaN,NaN,NaN,NaN,NaN,NaN,0,0,0,0,0,0,NaN,0.0587,0.4,0,MAT,Trp,C,NaN
10.974182444062,5.37442316064432,2.00185461522064,2.63830739714347,NaN,NaN,NaN,NaN,NaN,NaN,NaN,3664600,556590,1.60224,1,0,0,1,0.0587,0.4,0,MAT,Trp,C,NaN
15.2261617900172,5.71121027427079,2.81123427840546,3.65864421232147,NaN,NaN,NaN,NaN,NaN,NaN,NaN,3735000,686770,1.139616,1,0,0,1,0.0587,0.4,0,MAT,Trp,C,NaN
16.0413080895009,6.64181541140618,2.55730121509273,3.61788531230015,NaN,NaN,NaN,NaN,NaN,NaN,NaN,NaN,NaN,0,0,0,0,NaN,0.0587,0.4,0,MAT,Trp,C,NaN
-2.02409638554217,-2.89497170222029,-0.48784907269239,-0.48784907269239,NaN,NaN,NaN,NaN,NaN,NaN,NaN,0,0,0,0,0,0,NaN,0.0587,0.4,0,MAT,Trp,C,NaN
12.3180722891566,4.75291684806269,2.55849499040716,3.30579833724153,NaN,NaN,NaN,NaN,NaN,NaN,NaN,NaN,NaN,0,0,0,0,NaN,0.0587,0.4,0,MAT,Trp,C,NaN
24.8096385542169,8.19984762734001,2.86256661692603,3.64278405457259,NaN,NaN,NaN,NaN,NaN,NaN,NaN,3334900,455630,1.201392,1,0,0,1,0.0587,0.4,0,MAT,Trp,C,NaN
16.4819277108434,8.31512842838485,2.05813259432957,3.60867618844596,NaN,NaN,NaN,NaN,NaN,NaN,NaN,1330300,55920,4.43568,2,1,0,4,0.0587,0.4,0,MAT,Trp,C,NaN
-2.02409638554217,-2.89497170222029,-0.48784907269239,-0.48784907269239,NaN,NaN,NaN,NaN,NaN,NaN,NaN,0,0,0,0,0,0,NaN,0.0587,0.4,0,MAT,Trp,C,NaN
12.8688468158348,5.5861776229865,2.44969089746323,3.31790662971648,NaN,NaN,NaN,NaN,NaN,NaN,NaN,3362800,1051700,1.387248,1,0,0,1,0.0587,0.4,0,MAT,Trp,C,NaN
-2.02409638554217,-2.89497170222029,-0.48784907269239,-0.48784907269239,NaN,NaN,NaN,NaN,NaN,NaN,NaN,0,0,0,0,0,0,NaN,0.0587,0.4,0,MAT,Trp,C,NaN
19.9628227194492,6.89083587287767,2.90724792155191,3.84231507141334,NaN,NaN,NaN,NaN,NaN,NaN,NaN,5526100,1098500,1.275136,1,0,0,1,0.0587,0.4,0,MAT,Trp,C,NaN
-2.02409638554217,-2.89497170222029,-0.48784907269239,-0.48784907269239,NaN,NaN,NaN,NaN,NaN,NaN,NaN,0,0,0,0,0,0,NaN,0.0587,0.4,0,MAT,Trp,C,NaN
14.7194492254733,5.0902263822377,2.68043061180985,3.36685141760819,NaN,NaN,NaN,NaN,NaN,NaN,NaN,4573900,1341900,1.327472,1,0,0,1,0.0587,0.4,0,MAT,Trp,C,NaN
11.2826161790017,4.31042664344798,2.41302494137711,2.97785120443402,NaN,NaN,NaN,NaN,NaN,NaN,NaN,4186100,866320,1.323056,1,0,0,1,0.0587,0.4,0,MAT,Trp,C,NaN
-2.02409638554217,-2.89497170222029,-0.48784907269239,-0.48784907269239,NaN,NaN,NaN,NaN,NaN,NaN,NaN,0,0,0,0,0,0,NaN,0.0587,0.4,0,MAT,Trp,C,NaN
16.592082616179,5.9031127557684,2.9159454274142,3.70724792155191,NaN,NaN,NaN,NaN,NaN,NaN,NaN,3840000,740060,1.117344,1,0,0,1,0.0587,0.4,0,MAT,Trp,C,NaN
18.3986230636833,6.15526774053113,2.79042848006822,3.49117458963974,NaN,NaN,NaN,NaN,NaN,NaN,NaN,3176300,797250,1.546208,1,0,0,1,0.0587,0.4,0,MAT,Trp,C,NaN
13.3975903614458,5.45644318676535,2.51415476444255,3.59025794073758,NaN,NaN,NaN,NaN,NaN,NaN,NaN,2626800,756890,1.31752,1,0,1,2,0.0587,0.4,0,MAT,Trp,C,NaN
-2.02409638554217,-2.89497170222029,-0.48784907269239,-0.48784907269239,NaN,NaN,NaN,NaN,NaN,NaN,NaN,0,0,0,0,0,0,NaN,0.0587,0.4,0,MAT,Trp,C,NaN
14.3449225473322,4.38704832390074,2.66388829673844,3.4060754636538,NaN,NaN,NaN,NaN,NaN,NaN,NaN,6205800,1505400,1.302944,1,0,0,1,0.0587,0.4,0,MAT,Trp,C,NaN
20.271256454389,6.93088811493252,2.84227243658069,3.45570240886805,NaN,NaN,NaN,NaN,NaN,NaN,NaN,5016700,859180,1.138176,1,0,0,1,0.0587,0.4,0,MAT,Trp,C,NaN
21.1304647160069,8.37520679146713,2.80185461522063,3.78194414836922,NaN,NaN,NaN,NaN,NaN,NaN,NaN,NaN,NaN,0,0,0,0,NaN,0.0587,0.4,0,MAT,Trp,C,NaN
-2.02409638554217,-2.89497170222029,-0.48784907269239,-0.48784907269239,NaN,NaN,NaN,NaN,NaN,NaN,NaN,0,0,0,0,0,0,NaN,0.0587,0.4,0,MAT,Trp,C,NaN
-2.02409638554217,-2.89497170222029,-0.48784907269239,-0.48784907269239,NaN,NaN,NaN,NaN,NaN,NaN,NaN,0,0,0,0,0,0,NaN,0.0587,0.4,0,MAT,Trp,C,NaN
-2.02409638554217,-2.89497170222029,-0.48784907269239,-0.48784907269239,NaN,NaN,NaN,NaN,NaN,NaN,NaN,0,0,0,0,0,0,NaN,0.0587,0.4,0,MAT,Trp,C,NaN
24.47917383821,12.2654984762734,2.39665316563633,3.81076529524622,NaN,NaN,NaN,NaN,NaN,NaN,NaN,10709000,1174700,1.586512,1,0,0,1,0.0587,0.4,0,MAT,Trp,C,NaN
24.0605851979346,9.02457553330431,2.59584310381582,3.37043274355148,NaN,NaN,NaN,NaN,NaN,NaN,NaN,NaN,NaN,0,0,0,0,NaN,0.0587,0.4,0,MAT,Trp,C,NaN
-2.02409638554217,-2.89497170222029,-0.48784907269239,-0.48784907269239,NaN,NaN,NaN,NaN,NaN,NaN,NaN,0,0,0,0,0,0,NaN,0.0587,0.4,0,MAT,Trp,C,NaN
-2.02409638554217,-2.89497170222029,-0.48784907269239,-0.48784907269239,NaN,NaN,NaN,NaN,NaN,NaN,NaN,0,0,0,0,0,0,NaN,0.0587,0.4,0,MAT,Trp,C,NaN
-2.02409638554217,-2.89497170222029,-0.48784907269239,-0.48784907269239,NaN,NaN,NaN,NaN,NaN,NaN,NaN,0,0,0,0,0,0,NaN,0.0587,0.4,0,MAT,Trp,C,NaN
-2.02409638554217,-2.89497170222029,-0.48784907269239,-0.48784907269239,NaN,NaN,NaN,NaN,NaN,NaN,NaN,0,0,0,0,0,0,NaN,0.0587,0.4,0,MAT,Trp,C,NaN
-2.02409638554217,-2.89497170222029,-0.48784907269239,-0.48784907269239,NaN,NaN,NaN,NaN,NaN,NaN,NaN,0,0,0,0,0,0,NaN,0.0587,0.4,0,MAT,Trp,C,NaN
16.768330464716,7.15622551153679,2.45565977403539,3.73947985504157,NaN,NaN,NaN,NaN,NaN,NaN,NaN,9584100,1198700,5.43792,2,0,0,3,0.0587,0.4,0,MAT,Trp,C,NaN
-2.02409638554217,-2.89497170222029,-0.48784907269239,-0.48784907269239,NaN,NaN,NaN,NaN,NaN,NaN,NaN,0,0,0,0,0,0,NaN,0.0587,0.4,0,MAT,Trp,C,NaN
-2.02409638554217,-2.89497170222029,-0.48784907269239,-0.48784907269239,NaN,NaN,NaN,NaN,NaN,NaN,NaN,0,0,0,0,0,0,NaN,0.0587,0.4,0,MAT,Trp,C,NaN
-2.02409638554217,-2.89497170222029,-0.48784907269239,-0.48784907269239,NaN,NaN,NaN,NaN,NaN,NaN,NaN,0,0,0,0,0,0,NaN,0.0587,0.4,0,MAT,Trp,C,NaN
-2.02409638554217,-2.89497170222029,-0.48784907269239,-0.48784907269239,NaN,NaN,NaN,NaN,NaN,NaN,NaN,0,0,0,0,0,0,NaN,0.0587,0.4,0,MAT,Trp,C,NaN
-2.02409638554217,-2.89497170222029,-0.48784907269239,-0.48784907269239,NaN,NaN,NaN,NaN,NaN,NaN,NaN,0,0,0,0,0,0,NaN,0.0587,0.4,0,MAT,Trp,C,NaN
17.3411359724613,7.58426208097519,2.34958431038158,3.84691963334044,NaN,NaN,NaN,NaN,NaN,NaN,NaN,NaN,NaN,0,0,0,0,NaN,0.0587,0.4,0,MAT,Trp,C,NaN
-2.02409638554217,-2.89497170222029,-0.48784907269239,-0.48784907269239,NaN,NaN,NaN,NaN,NaN,NaN,NaN,0,0,0,0,0,0,NaN,0.0587,0.4,0,MAT,Trp,C,NaN
-2.02409638554217,-2.89497170222029,-0.48784907269239,-0.48784907269239,NaN,NaN,NaN,NaN,NaN,NaN,NaN,0,0,0,0,0,0,NaN,0.0587,0.4,0,MAT,Trp,C,NaN
14.9838209982788,5.1459512407488,2.68844596034961,3.61055212108292,NaN,NaN,NaN,NaN,NaN,NaN,NaN,2444000,535790,1.58448,1,0,0,1,0.0587,0.4,0,MAT,Trp,C,NaN
-2.02409638554217,-2.89497170222029,-0.48784907269239,-0.48784907269239,NaN,NaN,NaN,NaN,NaN,NaN,NaN,0,0,0,0,0,0,NaN,0.0587,0.4,0,MAT,Trp,C,NaN
-2.02409638554217,-2.89497170222029,-0.48784907269239,-0.48784907269239,NaN,NaN,NaN,NaN,NaN,NaN,NaN,0,0,0,0,0,0,NaN,0.0587,0.4,0,MAT,Trp,C,NaN
-2.02409638554217,-2.89497170222029,-0.48784907269239,-0.48784907269239,NaN,NaN,NaN,NaN,NaN,NaN,NaN,0,0,0,0,0,0,NaN,0.0587,0.4,0,MAT,Trp,C,NaN
-2.02409638554217,-2.89497170222029,-0.48784907269239,-0.48784907269239,NaN,NaN,NaN,NaN,NaN,NaN,NaN,0,0,0,0,0,0,NaN,0.0587,0.4,0,MAT,Trp,C,NaN
16.1074010327022,5.83032215933827,2.65024515028779,3.43131528458751,NaN,NaN,NaN,NaN,NaN,NaN,NaN,5034800,1152200,1.432096,1,0,0,1,0.0587,0.4,0,MAT,Trp,C,NaN
11.2385542168675,4.73097518502395,2.32656150074611,3.15299509699424,NaN,NaN,NaN,NaN,NaN,NaN,NaN,4603400,1501000,1.312352,1,0,0,1,0.0587,0.4,0,MAT,Trp,C,NaN
-2.02409638554217,-2.89497170222029,-0.48784907269239,-0.48784907269239,NaN,NaN,NaN,NaN,NaN,NaN,NaN,0,0,0,0,0,0,NaN,0.0587,0.4,0,MAT,Trp,C,NaN
14.8956970740103,4.8392903787549,2.90127904497975,4.06845022383287,NaN,NaN,NaN,NaN,NaN,NaN,NaN,NaN,NaN,0,0,0,0,NaN,0.0587,0.4,0,MAT,Trp,C,NaN
32.1239242685026,11.770243796256,2.76638243444894,3.29386058409721,NaN,NaN,NaN,NaN,NaN,NaN,NaN,4452000,527220,1.432128,1,0,0,1,0.0587,0.4,0,MAT,Trp,C,NaN
-2.02409638554217,-2.89497170222029,-0.48784907269239,-0.48784907269239,NaN,NaN,NaN,NaN,NaN,NaN,NaN,0,0,0,0,0,0,NaN,0.0587,0.4,0,MAT,Trp,C,NaN
18.9714285714286,6.5695472355246,2.81276913238116,3.69957365167342,NaN,NaN,NaN,NaN,NaN,NaN,NaN,4433000,1052300,1.34904,1,0,0,1,0.0587,0.4,0,MAT,Trp,C,NaN
-2.02409638554217,-2.89497170222029,-0.48784907269239,-0.48784907269239,NaN,NaN,NaN,NaN,NaN,NaN,NaN,0,0,0,0,0,0,NaN,0.0587,0.4,0,MAT,Trp,C,NaN
17.0106712564544,6.35779277318241,2.87484544873161,3.56007247921552,NaN,NaN,NaN,NaN,NaN,NaN,NaN,4729300,1121700,1.348944,1,0,0,1,0.0587,0.4,0,MAT,Trp,C,NaN
18.3986230636833,6.94830213321724,2.74438286079727,3.67689192069921,NaN,NaN,NaN,NaN,NaN,NaN,NaN,5864500,1224000,1.256288,1,0,0,1,0.0587,0.4,0,MAT,Trp,C,NaN
-2.02409638554217,-2.89497170222029,-0.48784907269239,-0.48784907269239,NaN,NaN,NaN,NaN,NaN,NaN,NaN,0,0,0,0,0,0,NaN,0.0587,0.4,0,MAT,Trp,C,NaN
14.6313253012048,6.03180235089247,2.64444681304626,3.49577915156683,NaN,NaN,NaN,NaN,NaN,NaN,NaN,NaN,NaN,0,0,0,0,NaN,0.0587,0.4,0,MAT,Trp,C,NaN
-2.02409638554217,-2.89497170222029,-0.48784907269239,-0.48784907269239,NaN,NaN,NaN,NaN,NaN,NaN,NaN,0,0,0,0,0,0,NaN,0.0587,0.4,0,MAT,Trp,C,NaN
21.7913941480207,7.06427949499347,2.88320187593264,3.76506075463654,NaN,NaN,NaN,NaN,NaN,NaN,NaN,NaN,NaN,0,0,0,0,NaN,0.0587,0.4,0,MAT,Trp,C,NaN
-2.02409638554217,-2.89497170222029,-0.48784907269239,-0.48784907269239,NaN,NaN,NaN,NaN,NaN,NaN,NaN,0,0,0,0,0,0,NaN,0.0587,0.4,0,MAT,Trp,C,NaN
23.2454388984509,7.62013495864171,2.85403965039437,3.22530377318269,NaN,NaN,NaN,NaN,NaN,NaN,NaN,2948300,333610,1.219264,1,0,0,1,0.0587,0.4,0,MAT,Trp,C,NaN
16.768330464716,5.70319982585982,2.88251971861011,3.58718823278619,NaN,NaN,NaN,NaN,NaN,NaN,NaN,3130900,486420,1.23896,1,0,0,1,0.0587,0.4,0,MAT,Trp,C,NaN
-2.02409638554217,-2.89497170222029,-0.48784907269239,-0.48784907269239,NaN,NaN,NaN,NaN,NaN,NaN,NaN,0,0,0,0,0,0,NaN,0.0587,0.4,0,MAT,Trp,C,NaN
-2.02409638554217,-2.89497170222029,-0.48784907269239,-0.48784907269239,NaN,NaN,NaN,NaN,NaN,NaN,NaN,0,0,0,0,0,0,NaN,0.0587,0.4,0,MAT,Trp,C,NaN
17.2530120481928,7.0285807575098,2.54604561927094,3.30443402259646,NaN,NaN,NaN,NaN,NaN,NaN,NaN,4021000,658130,1.244416,1,0,0,1,0.0587,0.4,0,MAT,Trp,C,NaN
13.9483648881239,5.27934262080975,2.59226177787252,3.38066510338947,NaN,NaN,NaN,NaN,NaN,NaN,NaN,4615700,1011900,1.33712,1,0,0,1,0.0587,0.4,0,MAT,Trp,C,NaN
14.5652323580034,5.2887461906835,2.88132594329567,3.79405244084417,NaN,NaN,NaN,NaN,NaN,NaN,NaN,NaN,NaN,0,0,0,0,NaN,0.0587,0.4,0,MAT,Trp,C,NaN
17.297074010327,7.06967784066173,2.6091451716052,3.37452568748668,NaN,NaN,NaN,NaN,NaN,NaN,NaN,4596900,1012300,1.463744,1,0,0,1,0.0587,0.4,0,MAT,Trp,C,NaN
16.6802065404475,5.44477579451459,2.70549989341292,3.66614794286932,NaN,NaN,NaN,NaN,NaN,NaN,NaN,NaN,NaN,0,0,0,0,NaN,0.0587,0.4,0,MAT,Trp,C,NaN
-2.02409638554217,-2.89497170222029,-0.48784907269239,-0.48784907269239,NaN,NaN,NaN,NaN,NaN,NaN,NaN,0,0,0,0,0,0,NaN,0.0587,0.4,0,MAT,Trp,C,NaN
-2.02409638554217,-2.89497170222029,-0.48784907269239,-0.48784907269239,NaN,NaN,NaN,NaN,NaN,NaN,NaN,0,0,0,0,0,0,NaN,0.0587,0.4,0,MAT,Trp,C,NaN
13.9924268502582,4.3835655202438,2.62619910466851,3.1316776806651,NaN,NaN,NaN,NaN,NaN,NaN,NaN,4202500,1211000,1.388752,1,0,0,1,0.0587,0.4,0,MAT,Trp,C,NaN
-2.02409638554217,-2.89497170222029,-0.48784907269239,-0.48784907269239,NaN,NaN,NaN,NaN,NaN,NaN,NaN,0,0,0,0,0,0,NaN,0.0587,0.4,0,MAT,Trp,C,NaN
-2.02409638554217,-2.89497170222029,-0.48784907269239,-0.48784907269239,NaN,NaN,NaN,NaN,NaN,NaN,NaN,0,0,0,0,0,0,NaN,0.0587,0.4,0,MAT,Trp,C,NaN
15.9972461273666,6.0857858075751,2.62909827328928,3.26657429119591,NaN,NaN,NaN,NaN,NaN,NaN,NaN,4223300,1147300,1.395904,1,0,0,1,0.0587,0.4,0,MAT,Trp,C,NaN
16.9666092943201,6.41717457553331,2.65894265615007,3.59810274994671,NaN,NaN,NaN,NaN,NaN,NaN,NaN,4325800,938930,1.218688,1,0,0,1,0.0587,0.4,0,MAT,Trp,C,NaN
-2.02409638554217,-2.89497170222029,-0.48784907269239,-0.48784907269239,NaN,NaN,NaN,NaN,NaN,NaN,NaN,0,0,0,0,0,0,NaN,0.0587,0.4,0,MAT,Trp,C,NaN
-2.02409638554217,-2.89497170222029,-0.48784907269239,-0.48784907269239,NaN,NaN,NaN,NaN,NaN,NaN,NaN,0,0,0,0,0,0,NaN,0.0587,0.4,0,MAT,Trp,C,NaN
-2.02409638554217,-2.89497170222029,-0.48784907269239,-0.48784907269239,NaN,NaN,NaN,NaN,NaN,NaN,NaN,0,0,0,0,0,0,NaN,0.0587,0.4,0,MAT,Trp,C,NaN
13.7500860585198,6.69997823247714,2.05813259432957,2.77525047964187,NaN,NaN,NaN,NaN,NaN,NaN,NaN,NaN,NaN,0,0,0,0,NaN,0.0587,0.4,0,MAT,Trp,C,NaN
-2.02409638554217,-2.89497170222029,-0.48784907269239,-0.48784907269239,NaN,NaN,NaN,NaN,NaN,NaN,NaN,0,0,0,0,0,0,NaN,0.0587,0.4,0,MAT,Trp,C,NaN
6.17142857142857,3.94891162385721,1.43344702622042,2.32809635472181,NaN,NaN,NaN,NaN,NaN,NaN,NaN,5075400,983650,1.392784,1,0,0,1,0.0587,0.4,0,MAT,Trp,C,NaN
-2.02409638554217,-2.89497170222029,-0.48784907269239,-0.48784907269239,NaN,NaN,NaN,NaN,NaN,NaN,NaN,0,0,0,0,0,0,NaN,0.0587,0.4,0,MAT,Trp,C,NaN
-2.02409638554217,-2.89497170222029,-0.48784907269239,-0.48784907269239,NaN,NaN,NaN,NaN,NaN,NaN,NaN,0,0,0,0,0,0,NaN,0.0587,0.4,0,MAT,Trp,C,NaN
-2.02409638554217,-2.89497170222029,-0.48784907269239,-0.48784907269239,NaN,NaN,NaN,NaN,NaN,NaN,NaN,0,0,0,0,0,0,NaN,0.0587,0.4,0,MAT,Trp,C,NaN
-2.02409638554217,-2.89497170222029,-0.48784907269239,-0.48784907269239,NaN,NaN,NaN,NaN,NaN,NaN,NaN,0,0,0,0,0,0,NaN,0.0587,0.4,0,MAT,Trp,C,NaN
17.5394148020654,5.99923813670005,2.86529524621616,3.51590279258154,NaN,NaN,NaN,NaN,NaN,NaN,NaN,5544000,1663800,1.448304,1,0,0,1,0.0587,0.4,0,MAT,Trp,C,NaN
18.4647160068847,6.48892033086635,2.65297377957792,3.5743977829887,NaN,NaN,NaN,NaN,NaN,NaN,NaN,3486100,772270,1.276048,1,0,0,1,0.0587,0.4,0,MAT,Trp,C,NaN
30.6919104991394,10.132629516761,2.90230228096355,3.92656150074611,NaN,NaN,NaN,NaN,NaN,NaN,NaN,6186500,560160,8.28304,2,0,0,3,0.0587,0.4,0,MAT,Trp,C,NaN
19.8306368330465,7.93532868959512,2.69134512897037,3.73316989980814,NaN,NaN,NaN,NaN,NaN,NaN,NaN,3937200,945170,1.464304,1,0,0,1,0.0587,0.4,0,MAT,Trp,C,NaN
13.5738382099828,5.29066173269482,2.45156683010019,3.02833084630143,NaN,NaN,NaN,NaN,NaN,NaN,NaN,5961400,1367900,1.360128,1,0,0,1,0.0587,0.4,0,MAT,Trp,C,NaN
-2.02409638554217,-2.89497170222029,-0.48784907269239,-0.48784907269239,NaN,NaN,NaN,NaN,NaN,NaN,NaN,0,0,0,0,0,0,NaN,0.0587,0.4,0,MAT,Trp,C,NaN
6.1934595524957,3.4097736177623,1.5913664463867,2.0073118738009,NaN,NaN,NaN,NaN,NaN,NaN,NaN,6506600,1607200,1.245088,1,0,0,1,0.0587,0.4,0,MAT,Trp,C,NaN
-2.02409638554217,-2.89497170222029,-0.48784907269239,-0.48784907269239,NaN,NaN,NaN,NaN,NaN,NaN,NaN,0,0,0,0,0,0,NaN,0.0587,0.4,0,MAT,Trp,C,NaN
-2.02409638554217,-2.89497170222029,-0.48784907269239,-0.48784907269239,NaN,NaN,NaN,NaN,NaN,NaN,NaN,0,0,0,0,0,0,NaN,0.0587,0.4,0,MAT,Trp,C,NaN
-2.02409638554217,-2.89497170222029,-0.48784907269239,-0.48784907269239,NaN,NaN,NaN,NaN,NaN,NaN,NaN,0,0,0,0,0,0,NaN,0.0587,0.4,0,MAT,Trp,C,NaN
-2.02409638554217,-2.89497170222029,-0.48784907269239,-0.48784907269239,NaN,NaN,NaN,NaN,NaN,NaN,NaN,0,0,0,0,0,0,NaN,0.0587,0.4,0,MAT,Trp,C,NaN
19.6543889845095,7.41116673922508,2.91475165209977,3.74101470901727,NaN,NaN,NaN,NaN,NaN,NaN,NaN,3408900,780890,1.373584,1,0,0,1,0.0587,0.4,0,MAT,Trp,C,NaN
-2.02409638554217,-2.89497170222029,-0.48784907269239,-0.48784907269239,NaN,NaN,NaN,NaN,NaN,NaN,NaN,0,0,0,0,0,0,NaN,0.0587,0.4,0,MAT,Trp,C,NaN
-2.02409638554217,-2.89497170222029,-0.48784907269239,-0.48784907269239,NaN,NaN,NaN,NaN,NaN,NaN,NaN,0,0,0,0,0,0,NaN,0.0587,0.4,0,MAT,Trp,C,NaN
-2.02409638554217,-2.89497170222029,-0.48784907269239,-0.48784907269239,NaN,NaN,NaN,NaN,NaN,NaN,NaN,0,0,0,0,0,0,NaN,0.0587,0.4,0,MAT,Trp,C,NaN
-2.02409638554217,-2.89497170222029,-0.48784907269239,-0.48784907269239,NaN,NaN,NaN,NaN,NaN,NaN,NaN,0,0,0,0,0,0,NaN,0.0587,0.4,0,MAT,Trp,C,NaN
12.736660929432,8.86802350892469,1.48290343210403,2.56582818162439,NaN,NaN,NaN,NaN,NaN,NaN,NaN,NaN,NaN,0,0,0,0,NaN,0.0587,0.4,0,MAT,Trp,C,NaN
-2.02409638554217,-2.89497170222029,-0.48784907269239,-0.48784907269239,NaN,NaN,NaN,NaN,NaN,NaN,NaN,0,0,0,0,0,0,NaN,0.0587,0.4,0,MAT,Trp,C,NaN
-2.02409638554217,-2.89497170222029,-0.48784907269239,-0.48784907269239,NaN,NaN,NaN,NaN,NaN,NaN,NaN,0,0,0,0,0,0,NaN,0.0587,0.4,0,MAT,Trp,C,NaN
-2.02409638554217,-2.89497170222029,-0.48784907269239,-0.48784907269239,NaN,NaN,NaN,NaN,NaN,NaN,NaN,0,0,0,0,0,0,NaN,0.0587,0.4,0,MAT,Trp,C,NaN
-2.02409638554217,-2.89497170222029,-0.48784907269239,-0.48784907269239,NaN,NaN,NaN,NaN,NaN,NaN,NaN,0,0,0,0,0,0,NaN,0.0587,0.4,0,MAT,Trp,C,NaN
-2.02409638554217,-2.89497170222029,-0.48784907269239,-0.48784907269239,NaN,NaN,NaN,NaN,NaN,NaN,NaN,0,0,0,0,0,0,NaN,0.0587,0.4,0,MAT,Trp,C,NaN
14.3449225473322,4.68012625163257,2.70243018546152,3.42193562140269,NaN,NaN,NaN,NaN,NaN,NaN,NaN,NaN,NaN,0,0,0,0,NaN,0.0587,0.4,0,MAT,Trp,C,NaN
-2.02409638554217,-2.89497170222029,-0.48784907269239,-0.48784907269239,NaN,NaN,NaN,NaN,NaN,NaN,NaN,0,0,0,0,0,0,NaN,0.0587,0.4,0,MAT,Trp,C,NaN
-2.02409638554217,-2.89497170222029,-0.48784907269239,-0.48784907269239,NaN,NaN,NaN,NaN,NaN,NaN,NaN,0,0,0,0,0,0,NaN,0.0587,0.4,0,MAT,Trp,C,NaN
-2.02409638554217,-2.89497170222029,-0.48784907269239,-0.48784907269239,NaN,NaN,NaN,NaN,NaN,NaN,NaN,0,0,0,0,0,0,NaN,0.0587,0.4,0,MAT,Trp,C,NaN
-2.02409638554217,-2.89497170222029,-0.48784907269239,-0.48784907269239,NaN,NaN,NaN,NaN,NaN,NaN,NaN,0,0,0,0,0,0,NaN,0.0587,0.4,0,MAT,Trp,C,NaN
18.0681583476764,7.3603178058337,2.80253677254317,3.4925389042848,NaN,NaN,NaN,NaN,NaN,NaN,NaN,4357300,979600,1.373088,1,0,0,1,0.0587,0.4,0,MAT,Trp,C,NaN
12.2299483648881,4.78112755768394,2.28631421871669,3.17226604135579,NaN,NaN,NaN,NaN,NaN,NaN,NaN,NaN,NaN,0,0,0,0,NaN,0.0587,0.4,0,MAT,Trp,C,NaN
-2.02409638554217,-2.89497170222029,-0.48784907269239,-0.48784907269239,NaN,NaN,NaN,NaN,NaN,NaN,NaN,0,0,0,0,0,0,NaN,0.0587,0.4,0,MAT,Trp,C,NaN
