cell_area,cell_length,cell_width_avg,cell_width_max,dye_area,dye_length,dye_width,dye_delta,ratio_area,ratio_length,ratio_width,DNA_intensity,DNA_perNuc,nuclei_delta,nucleiNr,mid2_check,cut3_check,cycle_phase,growth_rate,OD_extraction,stain_check,analysis_mode,condition,replica,tPoint
16.3497418244406,6.37416195037005,2.4155830313366,3.1059262417395,NaN,NaN,NaN,NaN,NaN,NaN,NaN,1334000,46377,2.81232,2,1,0,4,0.0403,0.4,0,MAT,Gly,A,NaN
23.7962134251291,13.1609272964737,1.66503943722021,2.08831805585163,NaN,NaN,NaN,NaN,NaN,NaN,NaN,1548400,87363,1.346064,1,0,1,2,0.0403,0.4,0,MAT,Gly,A,NaN
31.1545611015491,14.7245319982586,2.18961841824771,3.21200170539331,NaN,NaN,NaN,NaN,NaN,NaN,NaN,NaN,NaN,0,0,0,0,NaN,0.0403,0.4,0,MAT,Gly,A,NaN
26.9907056798623,11.8165650848933,2.51978256235344,3.53636751225751,NaN,NaN,NaN,NaN,NaN,NaN,NaN,3209400,353870,1.388912,1,0,0,1,0.0403,0.4,0,MAT,Gly,A,NaN
13.3975903614458,7.74342620809752,1.46943082498401,1.74092943935195,NaN,NaN,NaN,NaN,NaN,NaN,NaN,NaN,NaN,0,0,0,0,NaN,0.0403,0.4,0,MAT,Gly,A,NaN
16.0192771084337,11.2342403134523,1.30946493285014,1.90038371349392,NaN,NaN,NaN,NaN,NaN,NaN,NaN,1100900,20891,0.738528,1,0,0,1,0.0403,0.4,0,MAT,Gly,A,NaN
22.7607573149742,9.97485851110144,2.36680878277553,3.07642293753997,NaN,NaN,NaN,NaN,NaN,NaN,NaN,1991900,149700,1.62464,1,0,1,2,0.0403,0.4,0,MAT,Gly,A,NaN
15.6006884681583,10.6804745319983,1.26205499893413,1.66589213387337,NaN,NaN,NaN,NaN,NaN,NaN,NaN,NaN,NaN,0,0,0,0,NaN,0.0403,0.4,0,MAT,Gly,A,NaN
12.5824440619621,5.85505006530257,2.03715625666169,2.79230441270518,NaN,NaN,NaN,NaN,NaN,NaN,NaN,755480,81468,1.395136,1,0,1,2,0.0403,0.4,0,MAT,Gly,A,NaN
19.7865748709122,7.77895080539835,2.38181624387124,3.61993178426775,NaN,NaN,NaN,NaN,NaN,NaN,NaN,1174400,64945,1.64704,1,0,0,1,0.0403,0.4,0,MAT,Gly,A,NaN
-2.02409638554217,-2.89497170222029,-0.48784907269239,-0.48784907269239,NaN,NaN,NaN,NaN,NaN,NaN,NaN,0,0,0,0,0,0,NaN,0.0403,0.4,0,MAT,Gly,A,NaN
-2.02409638554217,-2.89497170222029,-0.48784907269239,-0.48784907269239,NaN,NaN,NaN,NaN,NaN,NaN,NaN,0,0,0,0,0,0,NaN,0.0403,0.4,0,MAT,Gly,A,NaN
-2.02409638554217,-2.89497170222029,-0.48784907269239,-0.48784907269239,NaN,NaN,NaN,NaN,NaN,NaN,NaN,0,0,0,0,0,0,NaN,0.0403,0.4,0,MAT,Gly,A,NaN
-2.02409638554217,-2.89497170222029,-0.48784907269239,-0.48784907269239,NaN,NaN,NaN,NaN,NaN,NaN,NaN,0,0,0,0,0,0,NaN,0.0403,0.4,0,MAT,Gly,A,NaN
27.6075731497418,11.4613191118851,2.32826689405244,3.0250905990194,NaN,NaN,NaN,NaN,NaN,NaN,NaN,1557300,66637,1.236384,1,0,0,1,0.0403,0.4,0,MAT,Gly,A,NaN
18.1342512908778,11.2600130605137,1.4544233638883,1.94011937753144,NaN,NaN,NaN,NaN,NaN,NaN,NaN,NaN,NaN,0,0,0,0,NaN,0.0403,0.4,0,MAT,Gly,A,NaN
-2.02409638554217,-2.89497170222029,-0.48784907269239,-0.48784907269239,NaN,NaN,NaN,NaN,NaN,NaN,NaN,0,0,0,0,0,0,NaN,0.0403,0.4,0,MAT,Gly,A,NaN
8.99139414802065,5.47437962559861,1.45510552121083,2.23157109358346,NaN,NaN,NaN,NaN,NaN,NaN,NaN,924800,26850,0.84128,1,0,0,1,0.0403,0.4,0,MAT,Gly,A,NaN
-2.02409638554217,-2.89497170222029,-0.48784907269239,-0.48784907269239,NaN,NaN,NaN,NaN,NaN,NaN,NaN,0,0,0,0,0,0,NaN,0.0403,0.4,0,MAT,Gly,A,NaN
12.207917383821,8.68865912059208,1.19922830952889,1.79720741846088,NaN,NaN,NaN,NaN,NaN,NaN,NaN,NaN,NaN,0,0,0,0,NaN,0.0403,0.4,0,MAT,Gly,A,NaN
-2.02409638554217,-2.89497170222029,-0.48784907269239,-0.48784907269239,NaN,NaN,NaN,NaN,NaN,NaN,NaN,0,0,0,0,0,0,NaN,0.0403,0.4,0,MAT,Gly,A,NaN
22.4082616179002,11.1706791467131,1.88435301641441,2.37516520997655,NaN,NaN,NaN,NaN,NaN,NaN,NaN,1473000,25716,0.730064,1,0,0,1,0.0403,0.4,0,MAT,Gly,A,NaN
-2.02409638554217,-2.89497170222029,-0.48784907269239,-0.48784907269239,NaN,NaN,NaN,NaN,NaN,NaN,NaN,0,0,0,0,0,0,NaN,0.0403,0.4,0,MAT,Gly,A,NaN
12.8688468158348,6.73393556813235,1.8348966105308,2.42700916648902,NaN,NaN,NaN,NaN,NaN,NaN,NaN,1404400,91550,2.63856,2,0,1,3,0.0403,0.4,0,MAT,Gly,A,NaN
-2.02409638554217,-2.89497170222029,-0.48784907269239,-0.48784907269239,NaN,NaN,NaN,NaN,NaN,NaN,NaN,0,0,0,0,0,0,NaN,0.0403,0.4,0,MAT,Gly,A,NaN
-2.02409638554217,-2.89497170222029,-0.48784907269239,-0.48784907269239,NaN,NaN,NaN,NaN,NaN,NaN,NaN,0,0,0,0,0,0,NaN,0.0403,0.4,0,MAT,Gly,A,NaN
-2.02409638554217,-2.89497170222029,-0.48784907269239,-0.48784907269239,NaN,NaN,NaN,NaN,NaN,NaN,NaN,0,0,0,0,0,0,NaN,0.0403,0.4,0,MAT,Gly,A,NaN
-2.02409638554217,-2.89497170222029,-0.48784907269239,-0.48784907269239,NaN,NaN,NaN,NaN,NaN,NaN,NaN,0,0,0,0,0,0,NaN,0.0403,0.4,0,MAT,Gly,A,NaN
-2.02409638554217,-2.89497170222029,-0.48784907269239,-0.48784907269239,NaN,NaN,NaN,NaN,NaN,NaN,NaN,0,0,0,0,0,0,NaN,0.0403,0.4,0,MAT,Gly,A,NaN
16.1734939759036,7.80141488898563,2.12106160733319,2.75410360264336,NaN,NaN,NaN,NaN,NaN,NaN,NaN,998580,28832,1.149616,1,0,0,1,0.0403,0.4,0,MAT,Gly,A,NaN
31.2426850258176,12.6390291684806,2.43059049243232,3.14208057983372,NaN,NaN,NaN,NaN,NaN,NaN,NaN,1736600,103650,1.64304,1,0,1,2,0.0403,0.4,0,MAT,Gly,A,NaN
25.9993115318417,12.1044188071397,2.10042634832658,2.75939032189299,NaN,NaN,NaN,NaN,NaN,NaN,NaN,1555900,98048,1.54168,1,0,1,2,0.0403,0.4,0,MAT,Gly,A,NaN
26.3958691910499,13.864801915542,1.79771903645278,2.39153698571733,NaN,NaN,NaN,NaN,NaN,NaN,NaN,1324700,78025,1.590752,1,0,0,1,0.0403,0.4,0,MAT,Gly,A,NaN
11.502925989673,4.84764910753156,2.27539970155617,3.59725005329354,NaN,NaN,NaN,NaN,NaN,NaN,NaN,1002000,144480,2.24192,1,0,1,2,0.0403,0.4,0,MAT,Gly,A,NaN
19.5001721170396,7.4529603831084,2.51279044979748,3.48196546578555,NaN,NaN,NaN,NaN,NaN,NaN,NaN,3397000,105120,0.871888,1,0,0,1,0.0403,0.4,0,MAT,Gly,A,NaN
20.095008605852,10.3294079233783,1.94318908548284,2.63029204860371,NaN,NaN,NaN,NaN,NaN,NaN,NaN,964640,56952,1.489184,1,0,0,1,0.0403,0.4,0,MAT,Gly,A,NaN
-2.02409638554217,-2.89497170222029,-0.48784907269239,-0.48784907269239,NaN,NaN,NaN,NaN,NaN,NaN,NaN,0,0,0,0,0,0,NaN,0.0403,0.4,0,MAT,Gly,A,NaN
-2.02409638554217,-2.89497170222029,-0.48784907269239,-0.48784907269239,NaN,NaN,NaN,NaN,NaN,NaN,NaN,0,0,0,0,0,0,NaN,0.0403,0.4,0,MAT,Gly,A,NaN
23.5318416523236,9.12104919460165,2.48823278618631,2.8547218077169,NaN,NaN,NaN,NaN,NaN,NaN,NaN,1278300,53897,0.866144,1,0,0,1,0.0403,0.4,0,MAT,Gly,A,NaN
12.0757314974182,7.01377884196778,1.73257301215093,2.41728842464293,NaN,NaN,NaN,NaN,NaN,NaN,NaN,NaN,NaN,0,0,0,0,NaN,0.0403,0.4,0,MAT,Gly,A,NaN
-2.02409638554217,-2.89497170222029,-0.48784907269239,-0.48784907269239,NaN,NaN,NaN,NaN,NaN,NaN,NaN,0,0,0,0,0,0,NaN,0.0403,0.4,0,MAT,Gly,A,NaN
-2.02409638554217,-2.89497170222029,-0.48784907269239,-0.48784907269239,NaN,NaN,NaN,NaN,NaN,NaN,NaN,0,0,0,0,0,0,NaN,0.0403,0.4,0,MAT,Gly,A,NaN
-2.02409638554217,-2.89497170222029,-0.48784907269239,-0.48784907269239,NaN,NaN,NaN,NaN,NaN,NaN,NaN,0,0,0,0,0,0,NaN,0.0403,0.4,0,MAT,Gly,A,NaN
35.0320137693632,13.2062037440139,2.70908121935621,3.49697292688126,NaN,NaN,NaN,NaN,NaN,NaN,NaN,NaN,NaN,0,0,0,0,NaN,0.0403,0.4,0,MAT,Gly,A,NaN
24.6113597246127,8.48090988245538,2.69782562353443,3.2701556171392,NaN,NaN,NaN,NaN,NaN,NaN,NaN,1546800,143080,1.6008,1,0,0,1,0.0403,0.4,0,MAT,Gly,A,NaN
-2.02409638554217,-2.89497170222029,-0.48784907269239,-0.48784907269239,NaN,NaN,NaN,NaN,NaN,NaN,NaN,0,0,0,0,0,0,NaN,0.0403,0.4,0,MAT,Gly,A,NaN
-2.02409638554217,-2.89497170222029,-0.48784907269239,-0.48784907269239,NaN,NaN,NaN,NaN,NaN,NaN,NaN,0,0,0,0,0,0,NaN,0.0403,0.4,0,MAT,Gly,A,NaN
-2.02409638554217,-2.89497170222029,-0.48784907269239,-0.48784907269239,NaN,NaN,NaN,NaN,NaN,NaN,NaN,0,0,0,0,0,0,NaN,0.0403,0.4,0,MAT,Gly,A,NaN
16.8344234079174,6.59845450587723,2.52489874227244,3.10626732040077,NaN,NaN,NaN,NaN,NaN,NaN,NaN,1013800,80713,1.365744,1,0,0,1,0.0403,0.4,0,MAT,Gly,A,NaN
-2.02409638554217,-2.89497170222029,-0.48784907269239,-0.48784907269239,NaN,NaN,NaN,NaN,NaN,NaN,NaN,0,0,0,0,0,0,NaN,0.0403,0.4,0,MAT,Gly,A,NaN
15.2922547332186,11.0743796255986,1.42423790236623,2.05762097633767,NaN,NaN,NaN,NaN,NaN,NaN,NaN,1070600,55550,0.931184,1,0,0,1,0.0403,0.4,0,MAT,Gly,A,NaN
-2.02409638554217,-2.89497170222029,-0.48784907269239,-0.48784907269239,NaN,NaN,NaN,NaN,NaN,NaN,NaN,0,0,0,0,0,0,NaN,0.0403,0.4,0,MAT,Gly,A,NaN
21.0203098106713,9.42945145842403,2.01140481773609,2.586463440631,NaN,NaN,NaN,NaN,NaN,NaN,NaN,1187000,68556,1.068928,1,0,0,1,0.0403,0.4,0,MAT,Gly,A,NaN
20.4254733218589,7.92000435350457,2.4701556171392,3.00667235131102,NaN,NaN,NaN,NaN,NaN,NaN,NaN,1643200,375490,1.425168,1,0,0,1,0.0403,0.4,0,MAT,Gly,A,NaN
14.3228915662651,7.6920548541576,1.64559795352803,2.60505222767001,NaN,NaN,NaN,NaN,NaN,NaN,NaN,967640,57498,1.068624,1,0,0,1,0.0403,0.4,0,MAT,Gly,A,NaN
19.1036144578313,7.46671745755333,2.26209763376679,2.5833937326796,NaN,NaN,NaN,NaN,NaN,NaN,NaN,1402000,204260,1.306512,1,0,0,1,0.0403,0.4,0,MAT,Gly,A,NaN
23.7521514629948,8.62387897257292,2.57742485610744,3.07829887017693,NaN,NaN,NaN,NaN,NaN,NaN,NaN,1138400,69712,1.290624,1,0,0,1,0.0403,0.4,0,MAT,Gly,A,NaN
32.2340791738382,13.3350674793209,2.64342357706246,3.67501598806225,NaN,NaN,NaN,NaN,NaN,NaN,NaN,1940600,123170,1.311712,1,0,0,1,0.0403,0.4,0,MAT,Gly,A,NaN
36.9046471600689,14.1846974314323,2.59430824984012,3.41784267746749,NaN,NaN,NaN,NaN,NaN,NaN,NaN,2498400,95569,1.095488,1,0,1,2,0.0403,0.4,0,MAT,Gly,A,NaN
20.271256454389,7.94717022202873,2.44952035813259,3.04402046471968,NaN,NaN,NaN,NaN,NaN,NaN,NaN,1453200,175880,1.363632,1,0,0,1,0.0403,0.4,0,MAT,Gly,A,NaN
-2.02409638554217,-2.89497170222029,-0.48784907269239,-0.48784907269239,NaN,NaN,NaN,NaN,NaN,NaN,NaN,0,0,0,0,0,0,NaN,0.0403,0.4,0,MAT,Gly,A,NaN
31.6833046471601,12.8662821070962,2.59345555318695,3.30733319121722,NaN,NaN,NaN,NaN,NaN,NaN,NaN,1179700,93484,1.296272,1,0,1,2,0.0403,0.4,0,MAT,Gly,A,NaN
-2.02409638554217,-2.89497170222029,-0.48784907269239,-0.48784907269239,NaN,NaN,NaN,NaN,NaN,NaN,NaN,0,0,0,0,0,0,NaN,0.0403,0.4,0,MAT,Gly,A,NaN
-2.02409638554217,-2.89497170222029,-0.48784907269239,-0.48784907269239,NaN,NaN,NaN,NaN,NaN,NaN,NaN,0,0,0,0,0,0,NaN,0.0403,0.4,0,MAT,Gly,A,NaN
5.97314974182444,4.00672616456247,1.23698571733106,1.93500319761245,NaN,NaN,NaN,NaN,NaN,NaN,NaN,482120,75555,3.29792,2,1,0,4,0.0403,0.4,0,MAT,Gly,A,NaN
24.5232358003442,11.2450370047889,2.33082498401194,2.97546365380516,NaN,NaN,NaN,NaN,NaN,NaN,NaN,852540,25696,0.88368,1,0,0,1,0.0403,0.4,0,MAT,Gly,A,NaN
-2.02409638554217,-2.89497170222029,-0.48784907269239,-0.48784907269239,NaN,NaN,NaN,NaN,NaN,NaN,NaN,0,0,0,0,0,0,NaN,0.0403,0.4,0,MAT,Gly,A,NaN
-2.02409638554217,-2.89497170222029,-0.48784907269239,-0.48784907269239,NaN,NaN,NaN,NaN,NaN,NaN,NaN,0,0,0,0,0,0,NaN,0.0403,0.4,0,MAT,Gly,A,NaN
2.95490533562823,2.37903787548977,0.998878703901087,1.51462374760179,NaN,NaN,NaN,NaN,NaN,NaN,NaN,1842800,270200,4.36176,2,1,0,4,0.0403,0.4,0,MAT,Gly,A,NaN
17.5173838209983,6.93019155420113,2.46009379663185,3.13287145597954,NaN,NaN,NaN,NaN,NaN,NaN,NaN,NaN,NaN,0,0,0,0,NaN,0.0403,0.4,0,MAT,Gly,A,NaN
-2.02409638554217,-2.89497170222029,-0.48784907269239,-0.48784907269239,NaN,NaN,NaN,NaN,NaN,NaN,NaN,0,0,0,0,0,0,NaN,0.0403,0.4,0,MAT,Gly,A,NaN
26.3077452667814,10.1716369177188,2.56361117032616,3.28362822425922,NaN,NaN,NaN,NaN,NaN,NaN,NaN,2261600,326720,1.324848,1,0,1,2,0.0403,0.4,0,MAT,Gly,A,NaN
-2.02409638554217,-2.89497170222029,-0.48784907269239,-0.48784907269239,NaN,NaN,NaN,NaN,NaN,NaN,NaN,0,0,0,0,0,0,NaN,0.0403,0.4,0,MAT,Gly,A,NaN
-2.02409638554217,-2.89497170222029,-0.48784907269239,-0.48784907269239,NaN,NaN,NaN,NaN,NaN,NaN,NaN,0,0,0,0,0,0,NaN,0.0403,0.4,0,MAT,Gly,A,NaN
19.9848537005164,8.32627340008707,2.34037518652739,3.02185035173737,NaN,NaN,NaN,NaN,NaN,NaN,NaN,2257400,510290,1.334128,1,0,0,1,0.0403,0.4,0,MAT,Gly,A,NaN
14.4330464716007,5.8503482803657,2.14135578767853,2.57725431677681,NaN,NaN,NaN,NaN,NaN,NaN,NaN,1375800,267440,1.302736,1,0,0,1,0.0403,0.4,0,MAT,Gly,A,NaN
26.4619621342513,10.9213104048759,2.22935408228523,2.55730121509273,NaN,NaN,NaN,NaN,NaN,NaN,NaN,1640300,92812,0.947728,1,0,1,2,0.0403,0.4,0,MAT,Gly,A,NaN
-2.02409638554217,-2.89497170222029,-0.48784907269239,-0.48784907269239,NaN,NaN,NaN,NaN,NaN,NaN,NaN,0,0,0,0,0,0,NaN,0.0403,0.4,0,MAT,Gly,A,NaN
19.4561101549053,10.9408141053548,1.64167554892347,2.28051588147517,NaN,NaN,NaN,NaN,NaN,NaN,NaN,1164800,72949,1.26016,1,0,1,2,0.0403,0.4,0,MAT,Gly,A,NaN
-2.02409638554217,-2.89497170222029,-0.48784907269239,-0.48784907269239,NaN,NaN,NaN,NaN,NaN,NaN,NaN,0,0,0,0,0,0,NaN,0.0403,0.4,0,MAT,Gly,A,NaN
-2.02409638554217,-2.89497170222029,-0.48784907269239,-0.48784907269239,NaN,NaN,NaN,NaN,NaN,NaN,NaN,0,0,0,0,0,0,NaN,0.0403,0.4,0,MAT,Gly,A,NaN
42.9851979345955,16.0271005659556,2.63506714986144,3.24781496482626,NaN,NaN,NaN,NaN,NaN,NaN,NaN,2495800,73695,12.3728,2,0,0,3,0.0403,0.4,0,MAT,Gly,A,NaN
38.2044750430293,15.3880060949064,2.38897889575783,3.34331698998081,NaN,NaN,NaN,NaN,NaN,NaN,NaN,2075700,146550,1.2388,1,0,1,2,0.0403,0.4,0,MAT,Gly,A,NaN
21.9015490533563,8.04834566826295,2.68810488168834,3.48571733105948,NaN,NaN,NaN,NaN,NaN,NaN,NaN,1599800,234750,1.234,1,0,0,1,0.0403,0.4,0,MAT,Gly,A,NaN
23.3776247848537,8.83737483674358,2.34549136644639,2.91884459603496,NaN,NaN,NaN,NaN,NaN,NaN,NaN,2138600,372250,1.275616,1,0,0,1,0.0403,0.4,0,MAT,Gly,A,NaN
-2.02409638554217,-2.89497170222029,-0.48784907269239,-0.48784907269239,NaN,NaN,NaN,NaN,NaN,NaN,NaN,0,0,0,0,0,0,NaN,0.0403,0.4,0,MAT,Gly,A,NaN
29.5462994836489,11.5015454941228,2.44781496482626,2.92242592197826,NaN,NaN,NaN,NaN,NaN,NaN,NaN,1499200,143120,1.548112,1,0,1,2,0.0403,0.4,0,MAT,Gly,A,NaN
7.3170395869191,5.5617979973879,1.18019612023023,1.99503304199531,NaN,NaN,NaN,NaN,NaN,NaN,NaN,NaN,NaN,0,0,0,0,NaN,0.0403,0.4,0,MAT,Gly,A,NaN
-2.02409638554217,-2.89497170222029,-0.48784907269239,-0.48784907269239,NaN,NaN,NaN,NaN,NaN,NaN,NaN,0,0,0,0,0,0,NaN,0.0403,0.4,0,MAT,Gly,A,NaN
16.592082616179,7.05487592511972,2.49556597740354,3.20722660413558,NaN,NaN,NaN,NaN,NaN,NaN,NaN,598380,19736,1.064816,1,0,0,1,0.0403,0.4,0,MAT,Gly,A,NaN
25.7790017211704,9.50502829777971,2.59311447452569,3.43080366659561,NaN,NaN,NaN,NaN,NaN,NaN,NaN,1522600,150840,1.394416,1,0,1,2,0.0403,0.4,0,MAT,Gly,A,NaN
-2.02409638554217,-2.89497170222029,-0.48784907269239,-0.48784907269239,NaN,NaN,NaN,NaN,NaN,NaN,NaN,0,0,0,0,0,0,NaN,0.0403,0.4,0,MAT,Gly,A,NaN
-2.02409638554217,-2.89497170222029,-0.48784907269239,-0.48784907269239,NaN,NaN,NaN,NaN,NaN,NaN,NaN,0,0,0,0,0,0,NaN,0.0403,0.4,0,MAT,Gly,A,NaN
-2.02409638554217,-2.89497170222029,-0.48784907269239,-0.48784907269239,NaN,NaN,NaN,NaN,NaN,NaN,NaN,0,0,0,0,0,0,NaN,0.0403,0.4,0,MAT,Gly,A,NaN
-2.02409638554217,-2.89497170222029,-0.48784907269239,-0.48784907269239,NaN,NaN,NaN,NaN,NaN,NaN,NaN,0,0,0,0,0,0,NaN,0.0403,0.4,0,MAT,Gly,A,NaN
-2.02409638554217,-2.89497170222029,-0.48784907269239,-0.48784907269239,NaN,NaN,NaN,NaN,NaN,NaN,NaN,0,0,0,0,0,0,NaN,0.0403,0.4,0,MAT,Gly,A,NaN
-2.02409638554217,-2.89497170222029,-0.48784907269239,-0.48784907269239,NaN,NaN,NaN,NaN,NaN,NaN,NaN,0,0,0,0,0,0,NaN,0.0403,0.4,0,MAT,Gly,A,NaN
19.5222030981067,8.31512842838485,2.26960136431464,2.66337667874654,NaN,NaN,NaN,NaN,NaN,NaN,NaN,1367700,211650,1.392512,1,0,0,1,0.0403,0.4,0,MAT,Gly,A,NaN
24.9858864027539,9.96545494122769,2.53291409081219,3.2757834150501,NaN,NaN,NaN,NaN,NaN,NaN,NaN,1800100,210550,1.534448,1,0,0,1,0.0403,0.4,0,MAT,Gly,A,NaN
15.534595524957,6.70938180235089,2.31172457898103,2.68145384779365,NaN,NaN,NaN,NaN,NaN,NaN,NaN,NaN,NaN,0,0,0,0,NaN,0.0403,0.4,0,MAT,Gly,A,NaN
-2.02409638554217,-2.89497170222029,-0.48784907269239,-0.48784907269239,NaN,NaN,NaN,NaN,NaN,NaN,NaN,0,0,0,0,0,0,NaN,0.0403,0.4,0,MAT,Gly,A,NaN
34.2829604130809,12.3292337831955,2.87910893199744,3.60952888509913,NaN,NaN,NaN,NaN,NaN,NaN,NaN,1495600,77460,1.565328,1,0,0,1,0.0403,0.4,0,MAT,Gly,A,NaN
20.5135972461274,7.40803221593383,2.54860370923044,3.09791089319974,NaN,NaN,NaN,NaN,NaN,NaN,NaN,1913900,308180,1.220128,1,0,0,1,0.0403,0.4,0,MAT,Gly,A,NaN
-2.02409638554217,-2.89497170222029,-0.48784907269239,-0.48784907269239,NaN,NaN,NaN,NaN,NaN,NaN,NaN,0,0,0,0,0,0,NaN,0.0403,0.4,0,MAT,Gly,A,NaN
17.1428571428571,7.57137570744449,2.20769558729482,2.523704966958,NaN,NaN,NaN,NaN,NaN,NaN,NaN,917970,59041,1.287136,1,0,0,1,0.0403,0.4,0,MAT,Gly,A,NaN
11.6130808950086,8.5913147583805,1.40803666595609,2.35111916435728,NaN,NaN,NaN,NaN,NaN,NaN,NaN,NaN,NaN,0,0,0,0,NaN,0.0403,0.4,0,MAT,Gly,A,NaN
-2.02409638554217,-2.89497170222029,-0.48784907269239,-0.48784907269239,NaN,NaN,NaN,NaN,NaN,NaN,NaN,0,0,0,0,0,0,NaN,0.0403,0.4,0,MAT,Gly,A,NaN
-2.02409638554217,-2.89497170222029,-0.48784907269239,-0.48784907269239,NaN,NaN,NaN,NaN,NaN,NaN,NaN,0,0,0,0,0,0,NaN,0.0403,0.4,0,MAT,Gly,A,NaN
31.5951807228916,12.0006312581628,2.5833937326796,3.29027925815391,NaN,NaN,NaN,NaN,NaN,NaN,NaN,1800600,97681,1.219296,1,0,0,1,0.0403,0.4,0,MAT,Gly,A,NaN
13.3755593803787,5.38034392686112,2.19661053080367,2.84210189725005,NaN,NaN,NaN,NaN,NaN,NaN,NaN,1262200,125930,1.201472,1,0,0,1,0.0403,0.4,0,MAT,Gly,A,NaN
18.3325301204819,8.85496299521115,2.18023875506289,2.85898529098273,NaN,NaN,NaN,NaN,NaN,NaN,NaN,1582200,161890,1.536208,1,0,0,1,0.0403,0.4,0,MAT,Gly,A,NaN
-2.02409638554217,-2.89497170222029,-0.48784907269239,-0.48784907269239,NaN,NaN,NaN,NaN,NaN,NaN,NaN,0,0,0,0,0,0,NaN,0.0403,0.4,0,MAT,Gly,A,NaN
-2.02409638554217,-2.89497170222029,-0.48784907269239,-0.48784907269239,NaN,NaN,NaN,NaN,NaN,NaN,NaN,0,0,0,0,0,0,NaN,0.0403,0.4,0,MAT,Gly,A,NaN
64.7738382099828,24.9883543752721,2.63353229588574,3.59844382860797,NaN,NaN,NaN,NaN,NaN,NaN,NaN,4340500,112160,9.02384,2,1,0,4,0.0403,0.4,0,MAT,Gly,A,NaN
15.2702237521515,6.82640400522421,2.28239181411213,3.02372628437433,NaN,NaN,NaN,NaN,NaN,NaN,NaN,1038900,46656,0.92376,1,0,1,2,0.0403,0.4,0,MAT,Gly,A,NaN
37.5435456110155,15.7119068350022,2.42274568322319,3.01963334043914,NaN,NaN,NaN,NaN,NaN,NaN,NaN,1925100,97454,9.54288,2,1,0,4,0.0403,0.4,0,MAT,Gly,A,NaN
6.65611015490534,3.73733130169787,1.58522703048391,2.1700063952249,NaN,NaN,NaN,NaN,NaN,NaN,NaN,619680,92270,1.378736,1,0,1,2,0.0403,0.4,0,MAT,Gly,A,NaN
-2.02409638554217,-2.89497170222029,-0.48784907269239,-0.48784907269239,NaN,NaN,NaN,NaN,NaN,NaN,NaN,0,0,0,0,0,0,NaN,0.0403,0.4,0,MAT,Gly,A,NaN
17.0327022375215,5.22030909882455,2.72767000639522,3.44598166702196,NaN,NaN,NaN,NaN,NaN,NaN,NaN,2653100,762230,2.4952,1,0,1,2,0.0403,0.4,0,MAT,Gly,A,NaN
-2.02409638554217,-2.89497170222029,-0.48784907269239,-0.48784907269239,NaN,NaN,NaN,NaN,NaN,NaN,NaN,0,0,0,0,0,0,NaN,0.0403,0.4,0,MAT,Gly,A,NaN
10.2251290877797,7.07890727035263,1.37887444041782,1.91334470262204,NaN,NaN,NaN,NaN,NaN,NaN,NaN,1039000,119590,1.68912,1,0,0,1,0.0403,0.4,0,MAT,Gly,A,NaN
12.2960413080895,6.5444710491946,1.82841611596675,2.29160093796632,NaN,NaN,NaN,NaN,NaN,NaN,NaN,1665600,70716,1.124096,1,0,0,1,0.0403,0.4,0,MAT,Gly,A,NaN
-2.02409638554217,-2.89497170222029,-0.48784907269239,-0.48784907269239,NaN,NaN,NaN,NaN,NaN,NaN,NaN,0,0,0,0,0,0,NaN,0.0403,0.4,0,MAT,Gly,A,NaN
12.560413080895,6.00028297779713,2.15414623747602,2.82197825623534,NaN,NaN,NaN,NaN,NaN,NaN,NaN,515070,36652,2.80624,2,1,0,4,0.0403,0.4,0,MAT,Gly,A,NaN
34.5913941480207,13.378254244667,2.54416968663398,3.18914943508847,NaN,NaN,NaN,NaN,NaN,NaN,NaN,1688300,69054,1.087728,1,0,1,2,0.0403,0.4,0,MAT,Gly,A,NaN
-2.02409638554217,-2.89497170222029,-0.48784907269239,-0.48784907269239,NaN,NaN,NaN,NaN,NaN,NaN,NaN,0,0,0,0,0,0,NaN,0.0403,0.4,0,MAT,Gly,A,NaN
19.1036144578313,6.63310840226382,2.55133233852057,3.40641654231507,NaN,NaN,NaN,NaN,NaN,NaN,NaN,1232100,97873,1.457168,1,0,0,1,0.0403,0.4,0,MAT,Gly,A,NaN
27.4753872633391,12.5040705267741,2.06887657215945,2.95687486676615,NaN,NaN,NaN,NaN,NaN,NaN,NaN,2437400,533850,1.377248,1,0,0,1,0.0403,0.4,0,MAT,Gly,A,NaN
-2.02409638554217,-2.89497170222029,-0.48784907269239,-0.48784907269239,NaN,NaN,NaN,NaN,NaN,NaN,NaN,0,0,0,0,0,0,NaN,0.0403,0.4,0,MAT,Gly,A,NaN
-2.02409638554217,-2.89497170222029,-0.48784907269239,-0.48784907269239,NaN,NaN,NaN,NaN,NaN,NaN,NaN,0,0,0,0,0,0,NaN,0.0403,0.4,0,MAT,Gly,A,NaN
-2.02409638554217,-2.89497170222029,-0.48784907269239,-0.48784907269239,NaN,NaN,NaN,NaN,NaN,NaN,NaN,0,0,0,0,0,0,NaN,0.0403,0.4,0,MAT,Gly,A,NaN
38.0943201376936,14.7907052677405,2.53615433809422,3.26981453847794,NaN,NaN,NaN,NaN,NaN,NaN,NaN,1642900,78067,1.462624,1,0,1,2,0.0403,0.4,0,MAT,Gly,A,NaN
18.8172117039587,13.5490857640401,1.17494350884673,1.6757834150501,NaN,NaN,NaN,NaN,NaN,NaN,NaN,NaN,NaN,0,0,0,0,NaN,0.0403,0.4,0,MAT,Gly,A,NaN
-2.02409638554217,-2.89497170222029,-0.48784907269239,-0.48784907269239,NaN,NaN,NaN,NaN,NaN,NaN,NaN,0,0,0,0,0,0,NaN,0.0403,0.4,0,MAT,Gly,A,NaN
-2.02409638554217,-2.89497170222029,-0.48784907269239,-0.48784907269239,NaN,NaN,NaN,NaN,NaN,NaN,NaN,0,0,0,0,0,0,NaN,0.0403,0.4,0,MAT,Gly,A,NaN
-2.02409638554217,-2.89497170222029,-0.48784907269239,-0.48784907269239,NaN,NaN,NaN,NaN,NaN,NaN,NaN,0,0,0,0,0,0,NaN,0.0403,0.4,0,MAT,Gly,A,NaN
14.3449225473322,5.5835655202438,2.42428053719889,3.13440630995523,NaN,NaN,NaN,NaN,NaN,NaN,NaN,NaN,NaN,0,0,0,0,NaN,0.0403,0.4,0,MAT,Gly,A,NaN
30.449569707401,12.733239007401,2.36885525474313,2.85489234704754,NaN,NaN,NaN,NaN,NaN,NaN,NaN,1822600,100170,1.594432,1,0,1,2,0.0403,0.4,0,MAT,Gly,A,NaN
18.6850258175559,8.07429255550718,2.32894905137497,3.10405030910254,NaN,NaN,NaN,NaN,NaN,NaN,NaN,1330500,163430,1.52344,1,0,0,1,0.0403,0.4,0,MAT,Gly,A,NaN
15.9531841652324,7.40071832825425,1.94694095075677,2.78156043487529,NaN,NaN,NaN,NaN,NaN,NaN,NaN,1541300,178630,1.80448,1,0,0,1,0.0403,0.4,0,MAT,Gly,A,NaN
24.1927710843374,11.7402916848063,2.14971221487956,2.6405244084417,NaN,NaN,NaN,NaN,NaN,NaN,NaN,1658000,162770,1.200288,1,0,0,1,0.0403,0.4,0,MAT,Gly,A,NaN
29.3039586919105,14.7872224640836,1.92323598379876,2.45736516734172,NaN,NaN,NaN,NaN,NaN,NaN,NaN,158700,41527,1.393376,1,0,0,1,0.0403,0.4,0,MAT,Gly,A,NaN
17.0327022375215,7.92035263387027,1.84410573438499,2.22236196972927,NaN,NaN,NaN,NaN,NaN,NaN,NaN,1150300,100180,1.444,1,0,0,1,0.0403,0.4,0,MAT,Gly,A,NaN
-2.02409638554217,-2.89497170222029,-0.48784907269239,-0.48784907269239,NaN,NaN,NaN,NaN,NaN,NaN,NaN,0,0,0,0,0,0,NaN,0.0403,0.4,0,MAT,Gly,A,NaN
25.2282271944923,9.79880278624293,2.49062033681518,2.95534001279045,NaN,NaN,NaN,NaN,NaN,NaN,NaN,1544500,146970,1.373744,1,0,0,1,0.0403,0.4,0,MAT,Gly,A,NaN
20.271256454389,8.04799738789726,2.691515668301,3.51300362396078,NaN,NaN,NaN,NaN,NaN,NaN,NaN,918410,60172,1.359344,1,0,0,1,0.0403,0.4,0,MAT,Gly,A,NaN
-2.02409638554217,-2.89497170222029,-0.48784907269239,-0.48784907269239,NaN,NaN,NaN,NaN,NaN,NaN,NaN,0,0,0,0,0,0,NaN,0.0403,0.4,0,MAT,Gly,A,NaN
20.7339070567986,8.0735959947758,2.56395224898742,3.12911959070561,NaN,NaN,NaN,NaN,NaN,NaN,NaN,1336600,187620,1.357216,1,0,0,1,0.0403,0.4,0,MAT,Gly,A,NaN
-2.02409638554217,-2.89497170222029,-0.48784907269239,-0.48784907269239,NaN,NaN,NaN,NaN,NaN,NaN,NaN,0,0,0,0,0,0,NaN,0.0403,0.4,0,MAT,Gly,A,NaN
-2.02409638554217,-2.89497170222029,-0.48784907269239,-0.48784907269239,NaN,NaN,NaN,NaN,NaN,NaN,NaN,0,0,0,0,0,0,NaN,0.0403,0.4,0,MAT,Gly,A,NaN
12.3621342512909,5.42840661732695,2.13078234917928,2.87757407802174,NaN,NaN,NaN,NaN,NaN,NaN,NaN,990710,102470,1.265008,1,0,0,1,0.0403,0.4,0,MAT,Gly,A,NaN
-2.02409638554217,-2.89497170222029,-0.48784907269239,-0.48784907269239,NaN,NaN,NaN,NaN,NaN,NaN,NaN,0,0,0,0,0,0,NaN,0.0403,0.4,0,MAT,Gly,A,NaN
43.8664371772806,15.7275794514584,2.83340439138776,3.57183969302921,NaN,NaN,NaN,NaN,NaN,NaN,NaN,2334800,63187,1.081472,1,0,1,2,0.0403,0.4,0,MAT,Gly,A,NaN
-2.02409638554217,-2.89497170222029,-0.48784907269239,-0.48784907269239,NaN,NaN,NaN,NaN,NaN,NaN,NaN,0,0,0,0,0,0,NaN,0.0403,0.4,0,MAT,Gly,A,NaN
40.2092943201377,15.6422507618633,2.70686420805798,3.13866979322106,NaN,NaN,NaN,NaN,NaN,NaN,NaN,2105800,58927,1.125968,1,0,1,2,0.0403,0.4,0,MAT,Gly,A,NaN
24.5232358003442,8.86784936874184,2.84517160520145,3.67024088680452,NaN,NaN,NaN,NaN,NaN,NaN,NaN,1612900,160230,1.36872,1,0,0,1,0.0403,0.4,0,MAT,Gly,A,NaN
18.7511187607573,8.01839355681324,2.19217650820721,3.51487955659774,NaN,NaN,NaN,NaN,NaN,NaN,NaN,1630100,139720,1.082864,1,0,0,1,0.0403,0.4,0,MAT,Gly,A,NaN
34.3490533562823,11.962842838485,2.71215092730761,3.31892986570028,NaN,NaN,NaN,NaN,NaN,NaN,NaN,1736800,96485,1.65072,1,0,1,2,0.0403,0.4,0,MAT,Gly,A,NaN
32.8068846815835,14.5486504135829,2.19200596887657,3.30375186527393,NaN,NaN,NaN,NaN,NaN,NaN,NaN,1662800,67399,1.1544,1,0,1,2,0.0403,0.4,0,MAT,Gly,A,NaN
-2.02409638554217,-2.89497170222029,-0.48784907269239,-0.48784907269239,NaN,NaN,NaN,NaN,NaN,NaN,NaN,0,0,0,0,0,0,NaN,0.0403,0.4,0,MAT,Gly,A,NaN
-2.02409638554217,-2.89497170222029,-0.48784907269239,-0.48784907269239,NaN,NaN,NaN,NaN,NaN,NaN,NaN,0,0,0,0,0,0,NaN,0.0403,0.4,0,MAT,Gly,A,NaN
-2.02409638554217,-2.89497170222029,-0.48784907269239,-0.48784907269239,NaN,NaN,NaN,NaN,NaN,NaN,NaN,0,0,0,0,0,0,NaN,0.0403,0.4,0,MAT,Gly,A,NaN
-2.02409638554217,-2.89497170222029,-0.48784907269239,-0.48784907269239,NaN,NaN,NaN,NaN,NaN,NaN,NaN,0,0,0,0,0,0,NaN,0.0403,0.4,0,MAT,Gly,A,NaN
-2.02409638554217,-2.89497170222029,-0.48784907269239,-0.48784907269239,NaN,NaN,NaN,NaN,NaN,NaN,NaN,0,0,0,0,0,0,NaN,0.0403,0.4,0,MAT,Gly,A,NaN
-2.02409638554217,-2.89497170222029,-0.48784907269239,-0.48784907269239,NaN,NaN,NaN,NaN,NaN,NaN,NaN,0,0,0,0,0,0,NaN,0.0403,0.4,0,MAT,Gly,A,NaN
-2.02409638554217,-2.89497170222029,-0.48784907269239,-0.48784907269239,NaN,NaN,NaN,NaN,NaN,NaN,NaN,0,0,0,0,0,0,NaN,0.0403,0.4,0,MAT,Gly,A,NaN
-2.02409638554217,-2.89497170222029,-0.48784907269239,-0.48784907269239,NaN,NaN,NaN,NaN,NaN,NaN,NaN,0,0,0,0,0,0,NaN,0.0403,0.4,0,MAT,Gly,A,NaN
-2.02409638554217,-2.89497170222029,-0.48784907269239,-0.48784907269239,NaN,NaN,NaN,NaN,NaN,NaN,NaN,0,0,0,0,0,0,NaN,0.0403,0.4,0,MAT,Gly,A,NaN
23.1352839931153,13.0012407488028,2.14084416968663,3.25480707738222,NaN,NaN,NaN,NaN,NaN,NaN,NaN,NaN,NaN,0,0,0,0,NaN,0.0403,0.4,0,MAT,Gly,A,NaN
-2.02409638554217,-2.89497170222029,-0.48784907269239,-0.48784907269239,NaN,NaN,NaN,NaN,NaN,NaN,NaN,0,0,0,0,0,0,NaN,0.0403,0.4,0,MAT,Gly,A,NaN
-2.02409638554217,-2.89497170222029,-0.48784907269239,-0.48784907269239,NaN,NaN,NaN,NaN,NaN,NaN,NaN,0,0,0,0,0,0,NaN,0.0403,0.4,0,MAT,Gly,A,NaN
-2.02409638554217,-2.89497170222029,-0.48784907269239,-0.48784907269239,NaN,NaN,NaN,NaN,NaN,NaN,NaN,0,0,0,0,0,0,NaN,0.0403,0.4,0,MAT,Gly,A,NaN
-2.02409638554217,-2.89497170222029,-0.48784907269239,-0.48784907269239,NaN,NaN,NaN,NaN,NaN,NaN,NaN,0,0,0,0,0,0,NaN,0.0403,0.4,0,MAT,Gly,A,NaN
-2.02409638554217,-2.89497170222029,-0.48784907269239,-0.48784907269239,NaN,NaN,NaN,NaN,NaN,NaN,NaN,0,0,0,0,0,0,NaN,0.0403,0.4,0,MAT,Gly,A,NaN
28.6650602409639,12.9470831519373,2.5550842037945,3.64193135791942,NaN,NaN,NaN,NaN,NaN,NaN,NaN,1644800,111920,1.355104,1,0,1,2,0.0403,0.4,0,MAT,Gly,A,NaN
-2.02409638554217,-2.89497170222029,-0.48784907269239,-0.48784907269239,NaN,NaN,NaN,NaN,NaN,NaN,NaN,0,0,0,0,0,0,NaN,0.0403,0.4,0,MAT,Gly,A,NaN
36.7283993115318,13.8674140182847,2.56599872095502,3.09620549989341,NaN,NaN,NaN,NaN,NaN,NaN,NaN,1978500,110550,1.338048,1,0,0,1,0.0403,0.4,0,MAT,Gly,A,NaN
17.2750430292599,8.57459730082717,1.90856960136431,2.69543807290556,NaN,NaN,NaN,NaN,NaN,NaN,NaN,1035100,85924,1.158368,1,0,0,1,0.0403,0.4,0,MAT,Gly,A,NaN
39.2839931153184,13.8334566826295,2.85762097633767,3.49765508420379,NaN,NaN,NaN,NaN,NaN,NaN,NaN,NaN,NaN,0,0,0,0,NaN,0.0403,0.4,0,MAT,Gly,A,NaN
-2.02409638554217,-2.89497170222029,-0.48784907269239,-0.48784907269239,NaN,NaN,NaN,NaN,NaN,NaN,NaN,0,0,0,0,0,0,NaN,0.0403,0.4,0,MAT,Gly,A,NaN
-2.02409638554217,-2.89497170222029,-0.48784907269239,-0.48784907269239,NaN,NaN,NaN,NaN,NaN,NaN,NaN,0,0,0,0,0,0,NaN,0.0403,0.4,0,MAT,Gly,A,NaN
-2.02409638554217,-2.89497170222029,-0.48784907269239,-0.48784907269239,NaN,NaN,NaN,NaN,NaN,NaN,NaN,0,0,0,0,0,0,NaN,0.0403,0.4,0,MAT,Gly,A,NaN
23.9724612736661,10.1159120592077,2.10417821360051,2.42820294180345,NaN,NaN,NaN,NaN,NaN,NaN,NaN,1030800,38792,1.189408,1,0,1,2,0.0403,0.4,0,MAT,Gly,A,NaN
-2.02409638554217,-2.89497170222029,-0.48784907269239,-0.48784907269239,NaN,NaN,NaN,NaN,NaN,NaN,NaN,0,0,0,0,0,0,NaN,0.0403,0.4,0,MAT,Gly,A,NaN
24.0385542168675,8.04782324771441,2.7759326369644,3.58838200810062,NaN,NaN,NaN,NaN,NaN,NaN,NaN,1704800,248320,1.373168,1,0,0,1,0.0403,0.4,0,MAT,Gly,A,NaN
17.5394148020654,7.48117109272965,2.40961415476444,3.23570667235131,NaN,NaN,NaN,NaN,NaN,NaN,NaN,1628700,129280,1.280064,1,0,0,1,0.0403,0.4,0,MAT,Gly,A,NaN
-2.02409638554217,-2.89497170222029,-0.48784907269239,-0.48784907269239,NaN,NaN,NaN,NaN,NaN,NaN,NaN,0,0,0,0,0,0,NaN,0.0403,0.4,0,MAT,Gly,A,NaN
-2.02409638554217,-2.89497170222029,-0.48784907269239,-0.48784907269239,NaN,NaN,NaN,NaN,NaN,NaN,NaN,0,0,0,0,0,0,NaN,0.0403,0.4,0,MAT,Gly,A,NaN
-2.02409638554217,-2.89497170222029,-0.48784907269239,-0.48784907269239,NaN,NaN,NaN,NaN,NaN,NaN,NaN,0,0,0,0,0,0,NaN,0.0403,0.4,0,MAT,Gly,A,NaN
35.6268502581756,12.5718110579016,2.72937539970156,3.1934129183543,NaN,NaN,NaN,NaN,NaN,NaN,NaN,2121100,156150,1.39584,1,0,1,2,0.0403,0.4,0,MAT,Gly,A,NaN
46.5101549053356,17.7354157596866,2.63762523982093,3.18147516520998,NaN,NaN,NaN,NaN,NaN,NaN,NaN,2790400,121330,10.65152,2,1,0,4,0.0403,0.4,0,MAT,Gly,A,NaN
-2.02409638554217,-2.89497170222029,-0.48784907269239,-0.48784907269239,NaN,NaN,NaN,NaN,NaN,NaN,NaN,0,0,0,0,0,0,NaN,0.0403,0.4,0,MAT,Gly,A,NaN
32.7848537005164,13.0550500653026,2.42359837987636,3.10814325303773,NaN,NaN,NaN,NaN,NaN,NaN,NaN,1774200,39223,0.860544,1,0,1,2,0.0403,0.4,0,MAT,Gly,A,NaN
14.9838209982788,7.01430126251633,2.10844169686634,2.4479855041569,NaN,NaN,NaN,NaN,NaN,NaN,NaN,3166100,1027100,1.424,1,0,0,1,0.0403,0.4,0,MAT,Gly,A,NaN
-2.02409638554217,-2.89497170222029,-0.48784907269239,-0.48784907269239,NaN,NaN,NaN,NaN,NaN,NaN,NaN,0,0,0,0,0,0,NaN,0.0403,0.4,0,MAT,Gly,A,NaN
25.9552495697074,11.4378101872007,2.23634619484119,3.3515028778512,NaN,NaN,NaN,NaN,NaN,NaN,NaN,1705400,56093,0.978192,1,0,0,1,0.0403,0.4,0,MAT,Gly,A,NaN
25.3163511187608,10.0570526774053,2.43911745896397,2.993199744191,NaN,NaN,NaN,NaN,NaN,NaN,NaN,1774500,130020,1.26392,1,0,0,1,0.0403,0.4,0,MAT,Gly,A,NaN
27.3432013769363,10.897279059643,2.45855894265615,3.04367938605841,NaN,NaN,NaN,NaN,NaN,NaN,NaN,1417400,135850,1.464112,1,0,1,2,0.0403,0.4,0,MAT,Gly,A,NaN
-2.02409638554217,-2.89497170222029,-0.48784907269239,-0.48784907269239,NaN,NaN,NaN,NaN,NaN,NaN,NaN,0,0,0,0,0,0,NaN,0.0403,0.4,0,MAT,Gly,A,NaN
-2.02409638554217,-2.89497170222029,-0.48784907269239,-0.48784907269239,NaN,NaN,NaN,NaN,NaN,NaN,NaN,0,0,0,0,0,0,NaN,0.0403,0.4,0,MAT,Gly,A,NaN
28.1363166953528,9.81882890727035,2.70498827542102,3.45672564485184,NaN,NaN,NaN,NaN,NaN,NaN,NaN,1900300,94957,1.29992,1,0,0,1,0.0403,0.4,0,MAT,Gly,A,NaN
20.0509466437177,8.11747932085329,2.56975058622895,3.42688126199105,NaN,NaN,NaN,NaN,NaN,NaN,NaN,782780,41356,1.373312,1,0,1,2,0.0403,0.4,0,MAT,Gly,A,NaN
-2.02409638554217,-2.89497170222029,-0.48784907269239,-0.48784907269239,NaN,NaN,NaN,NaN,NaN,NaN,NaN,0,0,0,0,0,0,NaN,0.0403,0.4,0,MAT,Gly,A,NaN
12.3621342512909,6.84747496734871,1.65412492005969,2.12430185461522,NaN,NaN,NaN,NaN,NaN,NaN,NaN,1379700,314550,1.319168,1,0,0,1,0.0403,0.4,0,MAT,Gly,A,NaN
-2.02409638554217,-2.89497170222029,-0.48784907269239,-0.48784907269239,NaN,NaN,NaN,NaN,NaN,NaN,NaN,0,0,0,0,0,0,NaN,0.0403,0.4,0,MAT,Gly,A,NaN
-2.02409638554217,-2.89497170222029,-0.48784907269239,-0.48784907269239,NaN,NaN,NaN,NaN,NaN,NaN,NaN,0,0,0,0,0,0,NaN,0.0403,0.4,0,MAT,Gly,A,NaN
-2.02409638554217,-2.89497170222029,-0.48784907269239,-0.48784907269239,NaN,NaN,NaN,NaN,NaN,NaN,NaN,0,0,0,0,0,0,NaN,0.0403,0.4,0,MAT,Gly,A,NaN
-2.02409638554217,-2.89497170222029,-0.48784907269239,-0.48784907269239,NaN,NaN,NaN,NaN,NaN,NaN,NaN,0,0,0,0,0,0,NaN,0.0403,0.4,0,MAT,Gly,A,NaN
-2.02409638554217,-2.89497170222029,-0.48784907269239,-0.48784907269239,NaN,NaN,NaN,NaN,NaN,NaN,NaN,0,0,0,0,0,0,NaN,0.0403,0.4,0,MAT,Gly,A,NaN
-2.02409638554217,-2.89497170222029,-0.48784907269239,-0.48784907269239,NaN,NaN,NaN,NaN,NaN,NaN,NaN,0,0,0,0,0,0,NaN,0.0403,0.4,0,MAT,Gly,A,NaN
20.1831325301205,8.14360034828037,2.36732040076743,2.92396077595395,NaN,NaN,NaN,NaN,NaN,NaN,NaN,1702400,284400,1.29568,1,0,0,1,0.0403,0.4,0,MAT,Gly,A,NaN
16.5700516351119,6.32662168045276,2.5859518226391,3.70793007887444,NaN,NaN,NaN,NaN,NaN,NaN,NaN,NaN,NaN,0,0,0,0,NaN,0.0403,0.4,0,MAT,Gly,A,NaN
-2.02409638554217,-2.89497170222029,-0.48784907269239,-0.48784907269239,NaN,NaN,NaN,NaN,NaN,NaN,NaN,0,0,0,0,0,0,NaN,0.0403,0.4,0,MAT,Gly,A,NaN
35.5607573149742,13.1746843709186,2.77473886164997,3.66989980814325,NaN,NaN,NaN,NaN,NaN,NaN,NaN,2373700,110320,1.274112,1,0,0,1,0.0403,0.4,0,MAT,Gly,A,NaN
15.7549053356282,7.17799303439269,2.17085909187806,3.00530803666596,NaN,NaN,NaN,NaN,NaN,NaN,NaN,1560300,218680,1.298064,1,0,0,1,0.0403,0.4,0,MAT,Gly,A,NaN
9.8065404475043,6.6411188506748,1.40087401406949,2.20121509273076,NaN,NaN,NaN,NaN,NaN,NaN,NaN,NaN,NaN,0,0,0,0,NaN,0.0403,0.4,0,MAT,Gly,A,NaN
-2.02409638554217,-2.89497170222029,-0.48784907269239,-0.48784907269239,NaN,NaN,NaN,NaN,NaN,NaN,NaN,0,0,0,0,0,0,NaN,0.0403,0.4,0,MAT,Gly,A,NaN
23.3996557659208,9.15448410970832,2.65263270091665,3.67638030270731,NaN,NaN,NaN,NaN,NaN,NaN,NaN,1483500,74533,3.4928,2,0,1,3,0.0403,0.4,0,MAT,Gly,A,NaN
10.1810671256454,5.55483239007401,1.9213600511618,2.97682796845022,NaN,NaN,NaN,NaN,NaN,NaN,NaN,NaN,NaN,0,0,0,0,NaN,0.0403,0.4,0,MAT,Gly,A,NaN
12.1638554216867,6.1942751414889,1.52997228735877,2.22526113835003,NaN,NaN,NaN,NaN,NaN,NaN,NaN,716090,16950,0.920608,1,0,0,1,0.0403,0.4,0,MAT,Gly,A,NaN
-2.02409638554217,-2.89497170222029,-0.48784907269239,-0.48784907269239,NaN,NaN,NaN,NaN,NaN,NaN,NaN,0,0,0,0,0,0,NaN,0.0403,0.4,0,MAT,Gly,A,NaN
8.52874354561102,6.27577274706138,1.0642293753997,1.8343849925389,NaN,NaN,NaN,NaN,NaN,NaN,NaN,600330,77634,4.70176,2,1,0,4,0.0403,0.4,0,MAT,Gly,A,NaN
19.5442340791738,8.22614279494994,2.37925815391175,3.6335749307184,NaN,NaN,NaN,NaN,NaN,NaN,NaN,1649200,59791,2.64032,2,0,1,3,0.0403,0.4,0,MAT,Gly,A,NaN
15.9531841652324,6.78791902481498,2.13879769771904,2.82828821146877,NaN,NaN,NaN,NaN,NaN,NaN,NaN,1298400,78058,1.319728,1,0,0,1,0.0403,0.4,0,MAT,Gly,A,NaN
-2.02409638554217,-2.89497170222029,-0.48784907269239,-0.48784907269239,NaN,NaN,NaN,NaN,NaN,NaN,NaN,0,0,0,0,0,0,NaN,0.0403,0.4,0,MAT,Gly,A,NaN
7.36110154905336,5.39514584240314,1.20038797697719,2.43076103176295,NaN,NaN,NaN,NaN,NaN,NaN,NaN,856450,108880,1.223056,1,0,0,1,0.0403,0.4,0,MAT,Gly,A,NaN
15.7989672977625,6.25226382237701,2.35742911959071,2.9679599232573,NaN,NaN,NaN,NaN,NaN,NaN,NaN,1937400,489450,1.288672,1,0,0,1,0.0403,0.4,0,MAT,Gly,A,NaN
18.1122203098107,8.24582063561167,2.28563206139416,3.11735237689192,NaN,NaN,NaN,NaN,NaN,NaN,NaN,1089300,24417,2.5688,2,0,1,3,0.0403,0.4,0,MAT,Gly,A,NaN
17.3191049913941,7.4595777100566,2.28563206139416,3.0266254529951,NaN,NaN,NaN,NaN,NaN,NaN,NaN,1275200,87035,4.41216,2,1,0,4,0.0403,0.4,0,MAT,Gly,A,NaN
21.0203098106713,9.65618197649108,2.21571093583458,3.23928799829461,NaN,NaN,NaN,NaN,NaN,NaN,NaN,1881400,159740,1.20464,1,0,0,1,0.0403,0.4,0,MAT,Gly,A,NaN
-2.02409638554217,-2.89497170222029,-0.48784907269239,-0.48784907269239,NaN,NaN,NaN,NaN,NaN,NaN,NaN,0,0,0,0,0,0,NaN,0.0403,0.4,0,MAT,Gly,A,NaN
-2.02409638554217,-2.89497170222029,-0.48784907269239,-0.48784907269239,NaN,NaN,NaN,NaN,NaN,NaN,NaN,0,0,0,0,0,0,NaN,0.0403,0.4,0,MAT,Gly,A,NaN
25.3383820998279,10.214649542882,2.48516307823492,3.19597100831379,NaN,NaN,NaN,NaN,NaN,NaN,NaN,2060500,244840,1.330864,1,0,0,1,0.0403,0.4,0,MAT,Gly,A,NaN
9.60826161790017,5.1898345668263,1.66231080793008,2.27267107226604,NaN,NaN,NaN,NaN,NaN,NaN,NaN,624490,90141,1.321856,1,0,0,1,0.0403,0.4,0,MAT,Gly,A,NaN
23.4437177280551,11.295015237266,2.1937113621829,2.57674269878491,NaN,NaN,NaN,NaN,NaN,NaN,NaN,1256900,51726,1.291936,1,0,0,1,0.0403,0.4,0,MAT,Gly,A,NaN
-2.02409638554217,-2.89497170222029,-0.48784907269239,-0.48784907269239,NaN,NaN,NaN,NaN,NaN,NaN,NaN,0,0,0,0,0,0,NaN,0.0403,0.4,0,MAT,Gly,A,NaN
26.3297762478485,10.7870483239007,2.4686207631635,3.2716904711149,NaN,NaN,NaN,NaN,NaN,NaN,NaN,1347600,72610,1.185904,1,0,1,2,0.0403,0.4,0,MAT,Gly,A,NaN
20.7118760757315,6.98295602960383,2.68332978043061,3.4369430824984,NaN,NaN,NaN,NaN,NaN,NaN,NaN,1541500,128430,1.319072,1,0,0,1,0.0403,0.4,0,MAT,Gly,A,NaN
-2.02409638554217,-2.89497170222029,-0.48784907269239,-0.48784907269239,NaN,NaN,NaN,NaN,NaN,NaN,NaN,0,0,0,0,0,0,NaN,0.0403,0.4,0,MAT,Gly,A,NaN
27.3652323580034,10.7224423160644,2.48413984225112,3.42943935195054,NaN,NaN,NaN,NaN,NaN,NaN,NaN,1485500,75095,1.225552,1,0,0,1,0.0403,0.4,0,MAT,Gly,A,NaN
-2.02409638554217,-2.89497170222029,-0.48784907269239,-0.48784907269239,NaN,NaN,NaN,NaN,NaN,NaN,NaN,0,0,0,0,0,0,NaN,0.0403,0.4,0,MAT,Gly,A,NaN
-2.02409638554217,-2.89497170222029,-0.48784907269239,-0.48784907269239,NaN,NaN,NaN,NaN,NaN,NaN,NaN,0,0,0,0,0,0,NaN,0.0403,0.4,0,MAT,Gly,A,NaN
-2.02409638554217,-2.89497170222029,-0.48784907269239,-0.48784907269239,NaN,NaN,NaN,NaN,NaN,NaN,NaN,0,0,0,0,0,0,NaN,0.0403,0.4,0,MAT,Gly,A,NaN
-2.02409638554217,-2.89497170222029,-0.48784907269239,-0.48784907269239,NaN,NaN,NaN,NaN,NaN,NaN,NaN,0,0,0,0,0,0,NaN,0.0403,0.4,0,MAT,Gly,A,NaN
-2.02409638554217,-2.89497170222029,-0.48784907269239,-0.48784907269239,NaN,NaN,NaN,NaN,NaN,NaN,NaN,0,0,0,0,0,0,NaN,0.0403,0.4,0,MAT,Gly,A,NaN
-2.02409638554217,-2.89497170222029,-0.48784907269239,-0.48784907269239,NaN,NaN,NaN,NaN,NaN,NaN,NaN,0,0,0,0,0,0,NaN,0.0403,0.4,0,MAT,Gly,A,NaN
21.6371772805508,8.12827601218981,2.71232146663824,3.4637177574078,NaN,NaN,NaN,NaN,NaN,NaN,NaN,1263100,136270,1.454848,1,0,0,1,0.0403,0.4,0,MAT,Gly,A,NaN
-2.02409638554217,-2.89497170222029,-0.48784907269239,-0.48784907269239,NaN,NaN,NaN,NaN,NaN,NaN,NaN,0,0,0,0,0,0,NaN,0.0403,0.4,0,MAT,Gly,A,NaN
27.805851979346,10.3539616891598,2.79469196333404,3.60185461522064,NaN,NaN,NaN,NaN,NaN,NaN,NaN,3238100,117470,9.01248,2,0,0,3,0.0403,0.4,0,MAT,Gly,A,NaN
-2.02409638554217,-2.89497170222029,-0.48784907269239,-0.48784907269239,NaN,NaN,NaN,NaN,NaN,NaN,NaN,0,0,0,0,0,0,NaN,0.0403,0.4,0,MAT,Gly,A,NaN
14.8956970740103,7.26575968654767,2.16250266467704,2.87569814538478,NaN,NaN,NaN,NaN,NaN,NaN,NaN,1772500,200940,1.413488,1,0,0,1,0.0403,0.4,0,MAT,Gly,A,NaN
-2.02409638554217,-2.89497170222029,-0.48784907269239,-0.48784907269239,NaN,NaN,NaN,NaN,NaN,NaN,NaN,0,0,0,0,0,0,NaN,0.0403,0.4,0,MAT,Gly,A,NaN
18.5528399311532,8.87185459294732,1.96552973779578,2.8340865487103,NaN,NaN,NaN,NaN,NaN,NaN,NaN,1327900,139130,1.35944,1,0,0,1,0.0403,0.4,0,MAT,Gly,A,NaN
17.3411359724613,7.60690030474532,2.03323385205713,2.38437433383074,NaN,NaN,NaN,NaN,NaN,NaN,NaN,1486400,155950,1.139376,1,0,0,1,0.0403,0.4,0,MAT,Gly,A,NaN
-2.02409638554217,-2.89497170222029,-0.48784907269239,-0.48784907269239,NaN,NaN,NaN,NaN,NaN,NaN,NaN,0,0,0,0,0,0,NaN,0.0403,0.4,0,MAT,Gly,A,NaN
19.0815834767642,8.60437527209404,2.10537198891494,2.6956086122362,NaN,NaN,NaN,NaN,NaN,NaN,NaN,NaN,NaN,0,0,0,0,NaN,0.0403,0.4,0,MAT,Gly,A,NaN
-2.02409638554217,-2.89497170222029,-0.48784907269239,-0.48784907269239,NaN,NaN,NaN,NaN,NaN,NaN,NaN,0,0,0,0,0,0,NaN,0.0403,0.4,0,MAT,Gly,A,NaN
-2.02409638554217,-2.89497170222029,-0.48784907269239,-0.48784907269239,NaN,NaN,NaN,NaN,NaN,NaN,NaN,0,0,0,0,0,0,NaN,0.0403,0.4,0,MAT,Gly,A,NaN
-2.02409638554217,-2.89497170222029,-0.48784907269239,-0.48784907269239,NaN,NaN,NaN,NaN,NaN,NaN,NaN,0,0,0,0,0,0,NaN,0.0403,0.4,0,MAT,Gly,A,NaN
17.9139414802065,9.1182629516761,1.78970368791303,2.30575570240887,NaN,NaN,NaN,NaN,NaN,NaN,NaN,1148300,97705,1.242608,1,0,0,1,0.0403,0.4,0,MAT,Gly,A,NaN
-2.02409638554217,-2.89497170222029,-0.48784907269239,-0.48784907269239,NaN,NaN,NaN,NaN,NaN,NaN,NaN,0,0,0,0,0,0,NaN,0.0403,0.4,0,MAT,Gly,A,NaN
-2.02409638554217,-2.89497170222029,-0.48784907269239,-0.48784907269239,NaN,NaN,NaN,NaN,NaN,NaN,NaN,0,0,0,0,0,0,NaN,0.0403,0.4,0,MAT,Gly,A,NaN
18.7511187607573,5.69954288202003,2.92157322532509,3.83157109358346,NaN,NaN,NaN,NaN,NaN,NaN,NaN,1308400,113810,1.184272,1,0,0,1,0.0403,0.4,0,MAT,Gly,A,NaN
28.7752151462995,12.6668915977362,2.34941377105095,3.14515028778512,NaN,NaN,NaN,NaN,NaN,NaN,NaN,2018800,139120,8.90464,2,0,0,3,0.0403,0.4,0,MAT,Gly,A,NaN
-2.02409638554217,-2.89497170222029,-0.48784907269239,-0.48784907269239,NaN,NaN,NaN,NaN,NaN,NaN,NaN,0,0,0,0,0,0,NaN,0.0403,0.4,0,MAT,Gly,A,NaN
13.794148020654,6.4580975185024,1.95359198465146,2.84534214453208,NaN,NaN,NaN,NaN,NaN,NaN,NaN,NaN,NaN,0,0,0,0,NaN,0.0403,0.4,0,MAT,Gly,A,NaN
24.8757314974182,10.4974531998259,2.51773609038584,3.09893412918354,NaN,NaN,NaN,NaN,NaN,NaN,NaN,2317600,242100,1.338448,1,0,0,1,0.0403,0.4,0,MAT,Gly,A,NaN
-2.02409638554217,-2.89497170222029,-0.48784907269239,-0.48784907269239,NaN,NaN,NaN,NaN,NaN,NaN,NaN,0,0,0,0,0,0,NaN,0.0403,0.4,0,MAT,Gly,A,NaN
9.60826161790017,5.95970831519373,1.55657642293754,2.21809848646344,NaN,NaN,NaN,NaN,NaN,NaN,NaN,NaN,NaN,0,0,0,0,NaN,0.0403,0.4,0,MAT,Gly,A,NaN
-2.02409638554217,-2.89497170222029,-0.48784907269239,-0.48784907269239,NaN,NaN,NaN,NaN,NaN,NaN,NaN,0,0,0,0,0,0,NaN,0.0403,0.4,0,MAT,Gly,A,NaN
-2.02409638554217,-2.89497170222029,-0.48784907269239,-0.48784907269239,NaN,NaN,NaN,NaN,NaN,NaN,NaN,0,0,0,0,0,0,NaN,0.0403,0.4,0,MAT,Gly,A,NaN
28.9514629948365,11.7570091423596,2.32707311873801,2.91730974205926,NaN,NaN,NaN,NaN,NaN,NaN,NaN,NaN,NaN,0,0,0,0,NaN,0.0403,0.4,0,MAT,Gly,A,NaN
-2.02409638554217,-2.89497170222029,-0.48784907269239,-0.48784907269239,NaN,NaN,NaN,NaN,NaN,NaN,NaN,0,0,0,0,0,0,NaN,0.0403,0.4,0,MAT,Gly,A,NaN
25.7790017211704,11.3923595994776,2.38318055851631,2.91986783201876,NaN,NaN,NaN,NaN,NaN,NaN,NaN,1486700,82920,1.245296,1,0,0,1,0.0403,0.4,0,MAT,Gly,A,NaN
-2.02409638554217,-2.89497170222029,-0.48784907269239,-0.48784907269239,NaN,NaN,NaN,NaN,NaN,NaN,NaN,0,0,0,0,0,0,NaN,0.0403,0.4,0,MAT,Gly,A,NaN
-2.02409638554217,-2.89497170222029,-0.48784907269239,-0.48784907269239,NaN,NaN,NaN,NaN,NaN,NaN,NaN,0,0,0,0,0,0,NaN,0.0403,0.4,0,MAT,Gly,A,NaN
-2.02409638554217,-2.89497170222029,-0.48784907269239,-0.48784907269239,NaN,NaN,NaN,NaN,NaN,NaN,NaN,0,0,0,0,0,0,NaN,0.0403,0.4,0,MAT,Gly,A,NaN
-2.02409638554217,-2.89497170222029,-0.48784907269239,-0.48784907269239,NaN,NaN,NaN,NaN,NaN,NaN,NaN,0,0,0,0,0,0,NaN,0.0403,0.4,0,MAT,Gly,A,NaN
-2.02409638554217,-2.89497170222029,-0.48784907269239,-0.48784907269239,NaN,NaN,NaN,NaN,NaN,NaN,NaN,0,0,0,0,0,0,NaN,0.0403,0.4,0,MAT,Gly,A,NaN
-2.02409638554217,-2.89497170222029,-0.48784907269239,-0.48784907269239,NaN,NaN,NaN,NaN,NaN,NaN,NaN,0,0,0,0,0,0,NaN,0.0403,0.4,0,MAT,Gly,A,NaN
-2.02409638554217,-2.89497170222029,-0.48784907269239,-0.48784907269239,NaN,NaN,NaN,NaN,NaN,NaN,NaN,0,0,0,0,0,0,NaN,0.0403,0.4,0,MAT,Gly,A,NaN
-2.02409638554217,-2.89497170222029,-0.48784907269239,-0.48784907269239,NaN,NaN,NaN,NaN,NaN,NaN,NaN,0,0,0,0,0,0,NaN,0.0403,0.4,0,MAT,Gly,A,NaN
23.597934595525,9.44686547670875,2.34463866979322,3.31517800042635,NaN,NaN,NaN,NaN,NaN,NaN,NaN,1253700,116800,1.403712,1,0,0,1,0.0403,0.4,0,MAT,Gly,A,NaN
-2.02409638554217,-2.89497170222029,-0.48784907269239,-0.48784907269239,NaN,NaN,NaN,NaN,NaN,NaN,NaN,0,0,0,0,0,0,NaN,0.0403,0.4,0,MAT,Gly,A,NaN
-2.02409638554217,-2.89497170222029,-0.48784907269239,-0.48784907269239,NaN,NaN,NaN,NaN,NaN,NaN,NaN,0,0,0,0,0,0,NaN,0.0403,0.4,0,MAT,Gly,A,NaN
26.2857142857143,8.32679582063561,2.83920272862929,3.43285013856321,NaN,NaN,NaN,NaN,NaN,NaN,NaN,1194900,77177,1.330944,1,0,0,1,0.0403,0.4,0,MAT,Gly,A,NaN
-2.02409638554217,-2.89497170222029,-0.48784907269239,-0.48784907269239,NaN,NaN,NaN,NaN,NaN,NaN,NaN,0,0,0,0,0,0,NaN,0.0403,0.4,0,MAT,Gly,A,NaN
25.7569707401033,9.14508053983457,2.86631848219996,3.28891494350885,NaN,NaN,NaN,NaN,NaN,NaN,NaN,1582900,99157,1.108848,1,0,0,1,0.0403,0.4,0,MAT,Gly,A,NaN
-2.02409638554217,-2.89497170222029,-0.48784907269239,-0.48784907269239,NaN,NaN,NaN,NaN,NaN,NaN,NaN,0,0,0,0,0,0,NaN,0.0403,0.4,0,MAT,Gly,A,NaN
-2.02409638554217,-2.89497170222029,-0.48784907269239,-0.48784907269239,NaN,NaN,NaN,NaN,NaN,NaN,NaN,0,0,0,0,0,0,NaN,0.0403,0.4,0,MAT,Gly,A,NaN
19.390017211704,7.32479320853287,2.48294606693669,3.18914943508847,NaN,NaN,NaN,NaN,NaN,NaN,NaN,998050,85330,1.249344,1,0,0,1,0.0403,0.4,0,MAT,Gly,A,NaN
-2.02409638554217,-2.89497170222029,-0.48784907269239,-0.48784907269239,NaN,NaN,NaN,NaN,NaN,NaN,NaN,0,0,0,0,0,0,NaN,0.0403,0.4,0,MAT,Gly,A,NaN
19.0154905335628,8.75587723117109,2.3620336815178,3.15401833297804,NaN,NaN,NaN,NaN,NaN,NaN,NaN,1824800,190100,1.387216,1,0,1,2,0.0403,0.4,0,MAT,Gly,A,NaN
-2.02409638554217,-2.89497170222029,-0.48784907269239,-0.48784907269239,NaN,NaN,NaN,NaN,NaN,NaN,NaN,0,0,0,0,0,0,NaN,0.0403,0.4,0,MAT,Gly,A,NaN
15.887091222031,7.18617762298651,2.23378810488169,2.77081645704541,NaN,NaN,NaN,NaN,NaN,NaN,NaN,1193600,170210,1.43136,1,0,0,1,0.0403,0.4,0,MAT,Gly,A,NaN
-2.02409638554217,-2.89497170222029,-0.48784907269239,-0.48784907269239,NaN,NaN,NaN,NaN,NaN,NaN,NaN,0,0,0,0,0,0,NaN,0.0403,0.4,0,MAT,Gly,A,NaN
34.128743545611,13.3112102742708,2.55576636111703,2.96096781070134,NaN,NaN,NaN,NaN,NaN,NaN,NaN,1458300,106910,1.511024,1,0,0,1,0.0403,0.4,0,MAT,Gly,A,NaN
-2.02409638554217,-2.89497170222029,-0.48784907269239,-0.48784907269239,NaN,NaN,NaN,NaN,NaN,NaN,NaN,0,0,0,0,0,0,NaN,0.0403,0.4,0,MAT,Gly,A,NaN
-2.02409638554217,-2.89497170222029,-0.48784907269239,-0.48784907269239,NaN,NaN,NaN,NaN,NaN,NaN,NaN,0,0,0,0,0,0,NaN,0.0403,0.4,0,MAT,Gly,A,NaN
38.1383820998279,14.2989333913801,2.60897463227457,3.20893199744191,NaN,NaN,NaN,NaN,NaN,NaN,NaN,2054300,99582,1.61248,1,0,1,2,0.0403,0.4,0,MAT,Gly,A,NaN
-2.02409638554217,-2.89497170222029,-0.48784907269239,-0.48784907269239,NaN,NaN,NaN,NaN,NaN,NaN,NaN,0,0,0,0,0,0,NaN,0.0403,0.4,0,MAT,Gly,A,NaN
-2.02409638554217,-2.89497170222029,-0.48784907269239,-0.48784907269239,NaN,NaN,NaN,NaN,NaN,NaN,NaN,0,0,0,0,0,0,NaN,0.0403,0.4,0,MAT,Gly,A,NaN
-2.02409638554217,-2.89497170222029,-0.48784907269239,-0.48784907269239,NaN,NaN,NaN,NaN,NaN,NaN,NaN,0,0,0,0,0,0,NaN,0.0403,0.4,0,MAT,Gly,A,NaN
-2.02409638554217,-2.89497170222029,-0.48784907269239,-0.48784907269239,NaN,NaN,NaN,NaN,NaN,NaN,NaN,0,0,0,0,0,0,NaN,0.0403,0.4,0,MAT,Gly,A,NaN
-2.02409638554217,-2.89497170222029,-0.48784907269239,-0.48784907269239,NaN,NaN,NaN,NaN,NaN,NaN,NaN,0,0,0,0,0,0,NaN,0.0403,0.4,0,MAT,Gly,A,NaN
31.2647160068847,13.1853069220723,2.34941377105095,3.19972287358772,NaN,NaN,NaN,NaN,NaN,NaN,NaN,1429300,68166,1.608,1,0,0,1,0.0403,0.4,0,MAT,Gly,A,NaN
10.7759036144578,6.04312146277754,1.52042208484332,2.26226817309742,NaN,NaN,NaN,NaN,NaN,NaN,NaN,NaN,NaN,0,0,0,0,NaN,0.0403,0.4,0,MAT,Gly,A,NaN
-2.02409638554217,-2.89497170222029,-0.48784907269239,-0.48784907269239,NaN,NaN,NaN,NaN,NaN,NaN,NaN,0,0,0,0,0,0,NaN,0.0403,0.4,0,MAT,Gly,A,NaN
-2.02409638554217,-2.89497170222029,-0.48784907269239,-0.48784907269239,NaN,NaN,NaN,NaN,NaN,NaN,NaN,0,0,0,0,0,0,NaN,0.0403,0.4,0,MAT,Gly,A,NaN
-2.02409638554217,-2.89497170222029,-0.48784907269239,-0.48784907269239,NaN,NaN,NaN,NaN,NaN,NaN,NaN,0,0,0,0,0,0,NaN,0.0403,0.4,0,MAT,Gly,A,NaN
-2.02409638554217,-2.89497170222029,-0.48784907269239,-0.48784907269239,NaN,NaN,NaN,NaN,NaN,NaN,NaN,0,0,0,0,0,0,NaN,0.0403,0.4,0,MAT,Gly,A,NaN
29.1056798623064,14.002720940357,1.94949904071626,2.41643572798977,NaN,NaN,NaN,NaN,NaN,NaN,NaN,1643900,78925,1.555088,1,0,1,2,0.0403,0.4,0,MAT,Gly,A,NaN
33.6881239242685,15.8790814105355,1.98104881688339,2.9947345981667,NaN,NaN,NaN,NaN,NaN,NaN,NaN,NaN,NaN,0,0,0,0,NaN,0.0403,0.4,0,MAT,Gly,A,NaN
19.7865748709122,9.53480626904658,2.14084416968663,2.66661692602857,NaN,NaN,NaN,NaN,NaN,NaN,NaN,1520300,172000,2.51568,1,0,1,2,0.0403,0.4,0,MAT,Gly,A,NaN
-2.02409638554217,-2.89497170222029,-0.48784907269239,-0.48784907269239,NaN,NaN,NaN,NaN,NaN,NaN,NaN,0,0,0,0,0,0,NaN,0.0403,0.4,0,MAT,Gly,A,NaN
-2.02409638554217,-2.89497170222029,-0.48784907269239,-0.48784907269239,NaN,NaN,NaN,NaN,NaN,NaN,NaN,0,0,0,0,0,0,NaN,0.0403,0.4,0,MAT,Gly,A,NaN
19.1256454388985,10.9658902916848,1.58710296312087,2.26567895971008,NaN,NaN,NaN,NaN,NaN,NaN,NaN,1275700,89096,1.337184,1,0,1,2,0.0403,0.4,0,MAT,Gly,A,NaN
12.1418244406196,8.37520679146713,1.26512470688553,1.99162225538265,NaN,NaN,NaN,NaN,NaN,NaN,NaN,467480,32719,3.34912,2,0,1,3,0.0403,0.4,0,MAT,Gly,A,NaN
-2.02409638554217,-2.89497170222029,-0.48784907269239,-0.48784907269239,NaN,NaN,NaN,NaN,NaN,NaN,NaN,0,0,0,0,0,0,NaN,0.0403,0.4,0,MAT,Gly,A,NaN
