cell_area,cell_length,cell_width_avg,cell_width_max,dye_area,dye_length,dye_width,dye_delta,ratio_area,ratio_length,ratio_width,DNA_intensity,DNA_perNuc,nuclei_delta,nucleiNr,mid2_check,cut3_check,cycle_phase,growth_rate,OD_extraction,stain_check,analysis_mode,condition,replica,tPoint
-2.02409638554217,-2.89497170222029,-0.48784907269239,-0.48784907269239,NaN,NaN,NaN,NaN,NaN,NaN,NaN,0,0,0,0,0,0,NaN,0.06,0.4,0,MAT,Gly,C,NaN
-2.02409638554217,-2.89497170222029,-0.48784907269239,-0.48784907269239,NaN,NaN,NaN,NaN,NaN,NaN,NaN,0,0,0,0,0,0,NaN,0.06,0.4,0,MAT,Gly,C,NaN
21.1084337349398,7.93898563343492,2.48891494350885,3.30221701129823,NaN,NaN,NaN,NaN,NaN,NaN,NaN,NaN,NaN,0,0,0,0,NaN,0.06,0.4,0,MAT,Gly,C,NaN
13.7060240963855,4.66776229865041,2.8330633127265,3.688147516521,NaN,NaN,NaN,NaN,NaN,NaN,NaN,3458300,572160,1.24816,1,0,1,2,0.06,0.4,0,MAT,Gly,C,NaN
-2.02409638554217,-2.89497170222029,-0.48784907269239,-0.48784907269239,NaN,NaN,NaN,NaN,NaN,NaN,NaN,0,0,0,0,0,0,NaN,0.06,0.4,0,MAT,Gly,C,NaN
-2.02409638554217,-2.89497170222029,-0.48784907269239,-0.48784907269239,NaN,NaN,NaN,NaN,NaN,NaN,NaN,0,0,0,0,0,0,NaN,0.06,0.4,0,MAT,Gly,C,NaN
-2.02409638554217,-2.89497170222029,-0.48784907269239,-0.48784907269239,NaN,NaN,NaN,NaN,NaN,NaN,NaN,0,0,0,0,0,0,NaN,0.06,0.4,0,MAT,Gly,C,NaN
-2.02409638554217,-2.89497170222029,-0.48784907269239,-0.48784907269239,NaN,NaN,NaN,NaN,NaN,NaN,NaN,0,0,0,0,0,0,NaN,0.06,0.4,0,MAT,Gly,C,NaN
-2.02409638554217,-2.89497170222029,-0.48784907269239,-0.48784907269239,NaN,NaN,NaN,NaN,NaN,NaN,NaN,0,0,0,0,0,0,NaN,0.06,0.4,0,MAT,Gly,C,NaN
18.178313253012,8.96449717022203,2.20650181198039,3.45996589213387,NaN,NaN,NaN,NaN,NaN,NaN,NaN,1652300,178310,1.332544,1,0,0,1,0.06,0.4,0,MAT,Gly,C,NaN
-2.02409638554217,-2.89497170222029,-0.48784907269239,-0.48784907269239,NaN,NaN,NaN,NaN,NaN,NaN,NaN,0,0,0,0,0,0,NaN,0.06,0.4,0,MAT,Gly,C,NaN
-2.02409638554217,-2.89497170222029,-0.48784907269239,-0.48784907269239,NaN,NaN,NaN,NaN,NaN,NaN,NaN,0,0,0,0,0,0,NaN,0.06,0.4,0,MAT,Gly,C,NaN
-2.02409638554217,-2.89497170222029,-0.48784907269239,-0.48784907269239,NaN,NaN,NaN,NaN,NaN,NaN,NaN,0,0,0,0,0,0,NaN,0.06,0.4,0,MAT,Gly,C,NaN
-2.02409638554217,-2.89497170222029,-0.48784907269239,-0.48784907269239,NaN,NaN,NaN,NaN,NaN,NaN,NaN,0,0,0,0,0,0,NaN,0.06,0.4,0,MAT,Gly,C,NaN
20.2051635111876,7.51443186765346,2.85915583031337,4.71462374760179,NaN,NaN,NaN,NaN,NaN,NaN,NaN,NaN,NaN,0,0,0,0,NaN,0.06,0.4,0,MAT,Gly,C,NaN
26.8585197934596,10.0145624727906,2.72647623108079,3.36207631635046,NaN,NaN,NaN,NaN,NaN,NaN,NaN,NaN,NaN,0,0,0,0,NaN,0.06,0.4,0,MAT,Gly,C,NaN
-2.02409638554217,-2.89497170222029,-0.48784907269239,-0.48784907269239,NaN,NaN,NaN,NaN,NaN,NaN,NaN,0,0,0,0,0,0,NaN,0.06,0.4,0,MAT,Gly,C,NaN
-2.02409638554217,-2.89497170222029,-0.48784907269239,-0.48784907269239,NaN,NaN,NaN,NaN,NaN,NaN,NaN,0,0,0,0,0,0,NaN,0.06,0.4,0,MAT,Gly,C,NaN
19.1476764199656,7.53532868959513,2.54587507994031,3.58360690684289,NaN,NaN,NaN,NaN,NaN,NaN,NaN,2852600,665940,1.19184,1,0,0,1,0.06,0.4,0,MAT,Gly,C,NaN
-2.02409638554217,-2.89497170222029,-0.48784907269239,-0.48784907269239,NaN,NaN,NaN,NaN,NaN,NaN,NaN,0,0,0,0,0,0,NaN,0.06,0.4,0,MAT,Gly,C,NaN
-2.02409638554217,-2.89497170222029,-0.48784907269239,-0.48784907269239,NaN,NaN,NaN,NaN,NaN,NaN,NaN,0,0,0,0,0,0,NaN,0.06,0.4,0,MAT,Gly,C,NaN
-2.02409638554217,-2.89497170222029,-0.48784907269239,-0.48784907269239,NaN,NaN,NaN,NaN,NaN,NaN,NaN,0,0,0,0,0,0,NaN,0.06,0.4,0,MAT,Gly,C,NaN
-2.02409638554217,-2.89497170222029,-0.48784907269239,-0.48784907269239,NaN,NaN,NaN,NaN,NaN,NaN,NaN,0,0,0,0,0,0,NaN,0.06,0.4,0,MAT,Gly,C,NaN
-2.02409638554217,-2.89497170222029,-0.48784907269239,-0.48784907269239,NaN,NaN,NaN,NaN,NaN,NaN,NaN,0,0,0,0,0,0,NaN,0.06,0.4,0,MAT,Gly,C,NaN
5.2461273666093,3.71660861993905,1.29837987635899,2.56463440630996,NaN,NaN,NaN,NaN,NaN,NaN,NaN,1029700,89166,0.897184,1,0,1,2,0.06,0.4,0,MAT,Gly,C,NaN
-2.02409638554217,-2.89497170222029,-0.48784907269239,-0.48784907269239,NaN,NaN,NaN,NaN,NaN,NaN,NaN,0,0,0,0,0,0,NaN,0.06,0.4,0,MAT,Gly,C,NaN
-2.02409638554217,-2.89497170222029,-0.48784907269239,-0.48784907269239,NaN,NaN,NaN,NaN,NaN,NaN,NaN,0,0,0,0,0,0,NaN,0.06,0.4,0,MAT,Gly,C,NaN
-2.02409638554217,-2.89497170222029,-0.48784907269239,-0.48784907269239,NaN,NaN,NaN,NaN,NaN,NaN,NaN,0,0,0,0,0,0,NaN,0.06,0.4,0,MAT,Gly,C,NaN
-2.02409638554217,-2.89497170222029,-0.48784907269239,-0.48784907269239,NaN,NaN,NaN,NaN,NaN,NaN,NaN,0,0,0,0,0,0,NaN,0.06,0.4,0,MAT,Gly,C,NaN
-2.02409638554217,-2.89497170222029,-0.48784907269239,-0.48784907269239,NaN,NaN,NaN,NaN,NaN,NaN,NaN,0,0,0,0,0,0,NaN,0.06,0.4,0,MAT,Gly,C,NaN
-2.02409638554217,-2.89497170222029,-0.48784907269239,-0.48784907269239,NaN,NaN,NaN,NaN,NaN,NaN,NaN,0,0,0,0,0,0,NaN,0.06,0.4,0,MAT,Gly,C,NaN
-2.02409638554217,-2.89497170222029,-0.48784907269239,-0.48784907269239,NaN,NaN,NaN,NaN,NaN,NaN,NaN,0,0,0,0,0,0,NaN,0.06,0.4,0,MAT,Gly,C,NaN
-2.02409638554217,-2.89497170222029,-0.48784907269239,-0.48784907269239,NaN,NaN,NaN,NaN,NaN,NaN,NaN,0,0,0,0,0,0,NaN,0.06,0.4,0,MAT,Gly,C,NaN
-2.02409638554217,-2.89497170222029,-0.48784907269239,-0.48784907269239,NaN,NaN,NaN,NaN,NaN,NaN,NaN,0,0,0,0,0,0,NaN,0.06,0.4,0,MAT,Gly,C,NaN
-2.02409638554217,-2.89497170222029,-0.48784907269239,-0.48784907269239,NaN,NaN,NaN,NaN,NaN,NaN,NaN,0,0,0,0,0,0,NaN,0.06,0.4,0,MAT,Gly,C,NaN
-2.02409638554217,-2.89497170222029,-0.48784907269239,-0.48784907269239,NaN,NaN,NaN,NaN,NaN,NaN,NaN,0,0,0,0,0,0,NaN,0.06,0.4,0,MAT,Gly,C,NaN
-2.02409638554217,-2.89497170222029,-0.48784907269239,-0.48784907269239,NaN,NaN,NaN,NaN,NaN,NaN,NaN,0,0,0,0,0,0,NaN,0.06,0.4,0,MAT,Gly,C,NaN
-2.02409638554217,-2.89497170222029,-0.48784907269239,-0.48784907269239,NaN,NaN,NaN,NaN,NaN,NaN,NaN,0,0,0,0,0,0,NaN,0.06,0.4,0,MAT,Gly,C,NaN
16.0853700516351,6.2190030474532,2.5272862929013,3.357642293754,NaN,NaN,NaN,NaN,NaN,NaN,NaN,2228400,435350,1.264784,1,0,0,1,0.06,0.4,0,MAT,Gly,C,NaN
-2.02409638554217,-2.89497170222029,-0.48784907269239,-0.48784907269239,NaN,NaN,NaN,NaN,NaN,NaN,NaN,0,0,0,0,0,0,NaN,0.06,0.4,0,MAT,Gly,C,NaN
12.9349397590361,4.84503700478886,2.42240460456193,3.31193775314432,NaN,NaN,NaN,NaN,NaN,NaN,NaN,NaN,NaN,0,0,0,0,NaN,0.06,0.4,0,MAT,Gly,C,NaN
-2.02409638554217,-2.89497170222029,-0.48784907269239,-0.48784907269239,NaN,NaN,NaN,NaN,NaN,NaN,NaN,0,0,0,0,0,0,NaN,0.06,0.4,0,MAT,Gly,C,NaN
-2.02409638554217,-2.89497170222029,-0.48784907269239,-0.48784907269239,NaN,NaN,NaN,NaN,NaN,NaN,NaN,0,0,0,0,0,0,NaN,0.06,0.4,0,MAT,Gly,C,NaN
-2.02409638554217,-2.89497170222029,-0.48784907269239,-0.48784907269239,NaN,NaN,NaN,NaN,NaN,NaN,NaN,0,0,0,0,0,0,NaN,0.06,0.4,0,MAT,Gly,C,NaN
-2.02409638554217,-2.89497170222029,-0.48784907269239,-0.48784907269239,NaN,NaN,NaN,NaN,NaN,NaN,NaN,0,0,0,0,0,0,NaN,0.06,0.4,0,MAT,Gly,C,NaN
10.2471600688468,2.78147583804963,2.59226177787252,3.00240886804519,NaN,NaN,NaN,NaN,NaN,NaN,NaN,960390,264090,1.291536,1,0,0,1,0.06,0.4,0,MAT,Gly,C,NaN
-2.02409638554217,-2.89497170222029,-0.48784907269239,-0.48784907269239,NaN,NaN,NaN,NaN,NaN,NaN,NaN,0,0,0,0,0,0,NaN,0.06,0.4,0,MAT,Gly,C,NaN
-2.02409638554217,-2.89497170222029,-0.48784907269239,-0.48784907269239,NaN,NaN,NaN,NaN,NaN,NaN,NaN,0,0,0,0,0,0,NaN,0.06,0.4,0,MAT,Gly,C,NaN
-2.02409638554217,-2.89497170222029,-0.48784907269239,-0.48784907269239,NaN,NaN,NaN,NaN,NaN,NaN,NaN,0,0,0,0,0,0,NaN,0.06,0.4,0,MAT,Gly,C,NaN
-2.02409638554217,-2.89497170222029,-0.48784907269239,-0.48784907269239,NaN,NaN,NaN,NaN,NaN,NaN,NaN,0,0,0,0,0,0,NaN,0.06,0.4,0,MAT,Gly,C,NaN
-2.02409638554217,-2.89497170222029,-0.48784907269239,-0.48784907269239,NaN,NaN,NaN,NaN,NaN,NaN,NaN,0,0,0,0,0,0,NaN,0.06,0.4,0,MAT,Gly,C,NaN
18.0461273666093,5.51060078363082,2.85062886378171,4.0686207631635,NaN,NaN,NaN,NaN,NaN,NaN,NaN,NaN,NaN,0,0,0,0,NaN,0.06,0.4,0,MAT,Gly,C,NaN
-2.02409638554217,-2.89497170222029,-0.48784907269239,-0.48784907269239,NaN,NaN,NaN,NaN,NaN,NaN,NaN,0,0,0,0,0,0,NaN,0.06,0.4,0,MAT,Gly,C,NaN
-2.02409638554217,-2.89497170222029,-0.48784907269239,-0.48784907269239,NaN,NaN,NaN,NaN,NaN,NaN,NaN,0,0,0,0,0,0,NaN,0.06,0.4,0,MAT,Gly,C,NaN
13.9924268502582,6.02588158467567,2.06921765082072,2.92174376465572,NaN,NaN,NaN,NaN,NaN,NaN,NaN,NaN,NaN,0,0,0,0,NaN,0.06,0.4,0,MAT,Gly,C,NaN
-2.02409638554217,-2.89497170222029,-0.48784907269239,-0.48784907269239,NaN,NaN,NaN,NaN,NaN,NaN,NaN,0,0,0,0,0,0,NaN,0.06,0.4,0,MAT,Gly,C,NaN
-2.02409638554217,-2.89497170222029,-0.48784907269239,-0.48784907269239,NaN,NaN,NaN,NaN,NaN,NaN,NaN,0,0,0,0,0,0,NaN,0.06,0.4,0,MAT,Gly,C,NaN
-2.02409638554217,-2.89497170222029,-0.48784907269239,-0.48784907269239,NaN,NaN,NaN,NaN,NaN,NaN,NaN,0,0,0,0,0,0,NaN,0.06,0.4,0,MAT,Gly,C,NaN
-2.02409638554217,-2.89497170222029,-0.48784907269239,-0.48784907269239,NaN,NaN,NaN,NaN,NaN,NaN,NaN,0,0,0,0,0,0,NaN,0.06,0.4,0,MAT,Gly,C,NaN
-2.02409638554217,-2.89497170222029,-0.48784907269239,-0.48784907269239,NaN,NaN,NaN,NaN,NaN,NaN,NaN,0,0,0,0,0,0,NaN,0.06,0.4,0,MAT,Gly,C,NaN
-2.02409638554217,-2.89497170222029,-0.48784907269239,-0.48784907269239,NaN,NaN,NaN,NaN,NaN,NaN,NaN,0,0,0,0,0,0,NaN,0.06,0.4,0,MAT,Gly,C,NaN
-2.02409638554217,-2.89497170222029,-0.48784907269239,-0.48784907269239,NaN,NaN,NaN,NaN,NaN,NaN,NaN,0,0,0,0,0,0,NaN,0.06,0.4,0,MAT,Gly,C,NaN
-2.02409638554217,-2.89497170222029,-0.48784907269239,-0.48784907269239,NaN,NaN,NaN,NaN,NaN,NaN,NaN,0,0,0,0,0,0,NaN,0.06,0.4,0,MAT,Gly,C,NaN
-2.02409638554217,-2.89497170222029,-0.48784907269239,-0.48784907269239,NaN,NaN,NaN,NaN,NaN,NaN,NaN,0,0,0,0,0,0,NaN,0.06,0.4,0,MAT,Gly,C,NaN
-2.02409638554217,-2.89497170222029,-0.48784907269239,-0.48784907269239,NaN,NaN,NaN,NaN,NaN,NaN,NaN,0,0,0,0,0,0,NaN,0.06,0.4,0,MAT,Gly,C,NaN
-2.02409638554217,-2.89497170222029,-0.48784907269239,-0.48784907269239,NaN,NaN,NaN,NaN,NaN,NaN,NaN,0,0,0,0,0,0,NaN,0.06,0.4,0,MAT,Gly,C,NaN
-2.02409638554217,-2.89497170222029,-0.48784907269239,-0.48784907269239,NaN,NaN,NaN,NaN,NaN,NaN,NaN,0,0,0,0,0,0,NaN,0.06,0.4,0,MAT,Gly,C,NaN
15.3803786574871,5.87942969090118,2.53513110211042,3.59571519931784,NaN,NaN,NaN,NaN,NaN,NaN,NaN,1469300,343870,1.391488,1,0,0,1,0.06,0.4,0,MAT,Gly,C,NaN
-2.02409638554217,-2.89497170222029,-0.48784907269239,-0.48784907269239,NaN,NaN,NaN,NaN,NaN,NaN,NaN,0,0,0,0,0,0,NaN,0.06,0.4,0,MAT,Gly,C,NaN
-2.02409638554217,-2.89497170222029,-0.48784907269239,-0.48784907269239,NaN,NaN,NaN,NaN,NaN,NaN,NaN,0,0,0,0,0,0,NaN,0.06,0.4,0,MAT,Gly,C,NaN
11.9215146299484,6.61134087940792,1.81971861010446,2.35231293967171,NaN,NaN,NaN,NaN,NaN,NaN,NaN,NaN,NaN,0,0,0,0,NaN,0.06,0.4,0,MAT,Gly,C,NaN
-2.02409638554217,-2.89497170222029,-0.48784907269239,-0.48784907269239,NaN,NaN,NaN,NaN,NaN,NaN,NaN,0,0,0,0,0,0,NaN,0.06,0.4,0,MAT,Gly,C,NaN
-2.02409638554217,-2.89497170222029,-0.48784907269239,-0.48784907269239,NaN,NaN,NaN,NaN,NaN,NaN,NaN,0,0,0,0,0,0,NaN,0.06,0.4,0,MAT,Gly,C,NaN
-2.02409638554217,-2.89497170222029,-0.48784907269239,-0.48784907269239,NaN,NaN,NaN,NaN,NaN,NaN,NaN,0,0,0,0,0,0,NaN,0.06,0.4,0,MAT,Gly,C,NaN
-2.02409638554217,-2.89497170222029,-0.48784907269239,-0.48784907269239,NaN,NaN,NaN,NaN,NaN,NaN,NaN,0,0,0,0,0,0,NaN,0.06,0.4,0,MAT,Gly,C,NaN
23.7962134251291,10.5691989551589,2.62995096994244,4.08823278618631,NaN,NaN,NaN,NaN,NaN,NaN,NaN,2447700,470170,1.58568,1,0,0,1,0.06,0.4,0,MAT,Gly,C,NaN
-2.02409638554217,-2.89497170222029,-0.48784907269239,-0.48784907269239,NaN,NaN,NaN,NaN,NaN,NaN,NaN,0,0,0,0,0,0,NaN,0.06,0.4,0,MAT,Gly,C,NaN
-2.02409638554217,-2.89497170222029,-0.48784907269239,-0.48784907269239,NaN,NaN,NaN,NaN,NaN,NaN,NaN,0,0,0,0,0,0,NaN,0.06,0.4,0,MAT,Gly,C,NaN
-2.02409638554217,-2.89497170222029,-0.48784907269239,-0.48784907269239,NaN,NaN,NaN,NaN,NaN,NaN,NaN,0,0,0,0,0,0,NaN,0.06,0.4,0,MAT,Gly,C,NaN
-2.02409638554217,-2.89497170222029,-0.48784907269239,-0.48784907269239,NaN,NaN,NaN,NaN,NaN,NaN,NaN,0,0,0,0,0,0,NaN,0.06,0.4,0,MAT,Gly,C,NaN
-2.02409638554217,-2.89497170222029,-0.48784907269239,-0.48784907269239,NaN,NaN,NaN,NaN,NaN,NaN,NaN,0,0,0,0,0,0,NaN,0.06,0.4,0,MAT,Gly,C,NaN
-2.02409638554217,-2.89497170222029,-0.48784907269239,-0.48784907269239,NaN,NaN,NaN,NaN,NaN,NaN,NaN,0,0,0,0,0,0,NaN,0.06,0.4,0,MAT,Gly,C,NaN
-2.02409638554217,-2.89497170222029,-0.48784907269239,-0.48784907269239,NaN,NaN,NaN,NaN,NaN,NaN,NaN,0,0,0,0,0,0,NaN,0.06,0.4,0,MAT,Gly,C,NaN
22.0557659208262,9.41865476708751,2.28529098273289,3.17363035600085,NaN,NaN,NaN,NaN,NaN,NaN,NaN,NaN,NaN,0,0,0,0,NaN,0.06,0.4,0,MAT,Gly,C,NaN
-2.02409638554217,-2.89497170222029,-0.48784907269239,-0.48784907269239,NaN,NaN,NaN,NaN,NaN,NaN,NaN,0,0,0,0,0,0,NaN,0.06,0.4,0,MAT,Gly,C,NaN
-2.02409638554217,-2.89497170222029,-0.48784907269239,-0.48784907269239,NaN,NaN,NaN,NaN,NaN,NaN,NaN,0,0,0,0,0,0,NaN,0.06,0.4,0,MAT,Gly,C,NaN
-2.02409638554217,-2.89497170222029,-0.48784907269239,-0.48784907269239,NaN,NaN,NaN,NaN,NaN,NaN,NaN,0,0,0,0,0,0,NaN,0.06,0.4,0,MAT,Gly,C,NaN
-2.02409638554217,-2.89497170222029,-0.48784907269239,-0.48784907269239,NaN,NaN,NaN,NaN,NaN,NaN,NaN,0,0,0,0,0,0,NaN,0.06,0.4,0,MAT,Gly,C,NaN
-2.02409638554217,-2.89497170222029,-0.48784907269239,-0.48784907269239,NaN,NaN,NaN,NaN,NaN,NaN,NaN,0,0,0,0,0,0,NaN,0.06,0.4,0,MAT,Gly,C,NaN
-2.02409638554217,-2.89497170222029,-0.48784907269239,-0.48784907269239,NaN,NaN,NaN,NaN,NaN,NaN,NaN,0,0,0,0,0,0,NaN,0.06,0.4,0,MAT,Gly,C,NaN
-2.02409638554217,-2.89497170222029,-0.48784907269239,-0.48784907269239,NaN,NaN,NaN,NaN,NaN,NaN,NaN,0,0,0,0,0,0,NaN,0.06,0.4,0,MAT,Gly,C,NaN
-2.02409638554217,-2.89497170222029,-0.48784907269239,-0.48784907269239,NaN,NaN,NaN,NaN,NaN,NaN,NaN,0,0,0,0,0,0,NaN,0.06,0.4,0,MAT,Gly,C,NaN
-2.02409638554217,-2.89497170222029,-0.48784907269239,-0.48784907269239,NaN,NaN,NaN,NaN,NaN,NaN,NaN,0,0,0,0,0,0,NaN,0.06,0.4,0,MAT,Gly,C,NaN
-2.02409638554217,-2.89497170222029,-0.48784907269239,-0.48784907269239,NaN,NaN,NaN,NaN,NaN,NaN,NaN,0,0,0,0,0,0,NaN,0.06,0.4,0,MAT,Gly,C,NaN
-2.02409638554217,-2.89497170222029,-0.48784907269239,-0.48784907269239,NaN,NaN,NaN,NaN,NaN,NaN,NaN,0,0,0,0,0,0,NaN,0.06,0.4,0,MAT,Gly,C,NaN
-2.02409638554217,-2.89497170222029,-0.48784907269239,-0.48784907269239,NaN,NaN,NaN,NaN,NaN,NaN,NaN,0,0,0,0,0,0,NaN,0.06,0.4,0,MAT,Gly,C,NaN
-2.02409638554217,-2.89497170222029,-0.48784907269239,-0.48784907269239,NaN,NaN,NaN,NaN,NaN,NaN,NaN,0,0,0,0,0,0,NaN,0.06,0.4,0,MAT,Gly,C,NaN
-2.02409638554217,-2.89497170222029,-0.48784907269239,-0.48784907269239,NaN,NaN,NaN,NaN,NaN,NaN,NaN,0,0,0,0,0,0,NaN,0.06,0.4,0,MAT,Gly,C,NaN
-2.02409638554217,-2.89497170222029,-0.48784907269239,-0.48784907269239,NaN,NaN,NaN,NaN,NaN,NaN,NaN,0,0,0,0,0,0,NaN,0.06,0.4,0,MAT,Gly,C,NaN
-2.02409638554217,-2.89497170222029,-0.48784907269239,-0.48784907269239,NaN,NaN,NaN,NaN,NaN,NaN,NaN,0,0,0,0,0,0,NaN,0.06,0.4,0,MAT,Gly,C,NaN
-2.02409638554217,-2.89497170222029,-0.48784907269239,-0.48784907269239,NaN,NaN,NaN,NaN,NaN,NaN,NaN,0,0,0,0,0,0,NaN,0.06,0.4,0,MAT,Gly,C,NaN
12.207917383821,5.73698302133217,1.99179279471328,3.17380089533149,NaN,NaN,NaN,NaN,NaN,NaN,NaN,2457500,567050,1.397248,1,0,0,1,0.06,0.4,0,MAT,Gly,C,NaN
-2.02409638554217,-2.89497170222029,-0.48784907269239,-0.48784907269239,NaN,NaN,NaN,NaN,NaN,NaN,NaN,0,0,0,0,0,0,NaN,0.06,0.4,0,MAT,Gly,C,NaN
-2.02409638554217,-2.89497170222029,-0.48784907269239,-0.48784907269239,NaN,NaN,NaN,NaN,NaN,NaN,NaN,0,0,0,0,0,0,NaN,0.06,0.4,0,MAT,Gly,C,NaN
-2.02409638554217,-2.89497170222029,-0.48784907269239,-0.48784907269239,NaN,NaN,NaN,NaN,NaN,NaN,NaN,0,0,0,0,0,0,NaN,0.06,0.4,0,MAT,Gly,C,NaN
-2.02409638554217,-2.89497170222029,-0.48784907269239,-0.48784907269239,NaN,NaN,NaN,NaN,NaN,NaN,NaN,0,0,0,0,0,0,NaN,0.06,0.4,0,MAT,Gly,C,NaN
-2.02409638554217,-2.89497170222029,-0.48784907269239,-0.48784907269239,NaN,NaN,NaN,NaN,NaN,NaN,NaN,0,0,0,0,0,0,NaN,0.06,0.4,0,MAT,Gly,C,NaN
-2.02409638554217,-2.89497170222029,-0.48784907269239,-0.48784907269239,NaN,NaN,NaN,NaN,NaN,NaN,NaN,0,0,0,0,0,0,NaN,0.06,0.4,0,MAT,Gly,C,NaN
-2.02409638554217,-2.89497170222029,-0.48784907269239,-0.48784907269239,NaN,NaN,NaN,NaN,NaN,NaN,NaN,0,0,0,0,0,0,NaN,0.06,0.4,0,MAT,Gly,C,NaN
-2.02409638554217,-2.89497170222029,-0.48784907269239,-0.48784907269239,NaN,NaN,NaN,NaN,NaN,NaN,NaN,0,0,0,0,0,0,NaN,0.06,0.4,0,MAT,Gly,C,NaN
-2.02409638554217,-2.89497170222029,-0.48784907269239,-0.48784907269239,NaN,NaN,NaN,NaN,NaN,NaN,NaN,0,0,0,0,0,0,NaN,0.06,0.4,0,MAT,Gly,C,NaN
-2.02409638554217,-2.89497170222029,-0.48784907269239,-0.48784907269239,NaN,NaN,NaN,NaN,NaN,NaN,NaN,0,0,0,0,0,0,NaN,0.06,0.4,0,MAT,Gly,C,NaN
16.0853700516351,5.7448193295603,2.91884459603496,3.630505222767,NaN,NaN,NaN,NaN,NaN,NaN,NaN,NaN,NaN,0,0,0,0,NaN,0.06,0.4,0,MAT,Gly,C,NaN
-2.02409638554217,-2.89497170222029,-0.48784907269239,-0.48784907269239,NaN,NaN,NaN,NaN,NaN,NaN,NaN,0,0,0,0,0,0,NaN,0.06,0.4,0,MAT,Gly,C,NaN
19.7204819277108,9.58513278188942,1.8930505222767,2.70703474738862,NaN,NaN,NaN,NaN,NaN,NaN,NaN,NaN,NaN,0,0,0,0,NaN,0.06,0.4,0,MAT,Gly,C,NaN
-2.02409638554217,-2.89497170222029,-0.48784907269239,-0.48784907269239,NaN,NaN,NaN,NaN,NaN,NaN,NaN,0,0,0,0,0,0,NaN,0.06,0.4,0,MAT,Gly,C,NaN
-2.02409638554217,-2.89497170222029,-0.48784907269239,-0.48784907269239,NaN,NaN,NaN,NaN,NaN,NaN,NaN,0,0,0,0,0,0,NaN,0.06,0.4,0,MAT,Gly,C,NaN
-2.02409638554217,-2.89497170222029,-0.48784907269239,-0.48784907269239,NaN,NaN,NaN,NaN,NaN,NaN,NaN,0,0,0,0,0,0,NaN,0.06,0.4,0,MAT,Gly,C,NaN
-2.02409638554217,-2.89497170222029,-0.48784907269239,-0.48784907269239,NaN,NaN,NaN,NaN,NaN,NaN,NaN,0,0,0,0,0,0,NaN,0.06,0.4,0,MAT,Gly,C,NaN
-2.02409638554217,-2.89497170222029,-0.48784907269239,-0.48784907269239,NaN,NaN,NaN,NaN,NaN,NaN,NaN,0,0,0,0,0,0,NaN,0.06,0.4,0,MAT,Gly,C,NaN
-2.02409638554217,-2.89497170222029,-0.48784907269239,-0.48784907269239,NaN,NaN,NaN,NaN,NaN,NaN,NaN,0,0,0,0,0,0,NaN,0.06,0.4,0,MAT,Gly,C,NaN
-2.02409638554217,-2.89497170222029,-0.48784907269239,-0.48784907269239,NaN,NaN,NaN,NaN,NaN,NaN,NaN,0,0,0,0,0,0,NaN,0.06,0.4,0,MAT,Gly,C,NaN
-2.02409638554217,-2.89497170222029,-0.48784907269239,-0.48784907269239,NaN,NaN,NaN,NaN,NaN,NaN,NaN,0,0,0,0,0,0,NaN,0.06,0.4,0,MAT,Gly,C,NaN
22.209982788296,6.99775794514584,2.92123214666382,3.5996376039224,NaN,NaN,NaN,NaN,NaN,NaN,NaN,1435200,180320,1.436032,1,0,0,1,0.06,0.4,0,MAT,Gly,C,NaN
-2.02409638554217,-2.89497170222029,-0.48784907269239,-0.48784907269239,NaN,NaN,NaN,NaN,NaN,NaN,NaN,0,0,0,0,0,0,NaN,0.06,0.4,0,MAT,Gly,C,NaN
-2.02409638554217,-2.89497170222029,-0.48784907269239,-0.48784907269239,NaN,NaN,NaN,NaN,NaN,NaN,NaN,0,0,0,0,0,0,NaN,0.06,0.4,0,MAT,Gly,C,NaN
-2.02409638554217,-2.89497170222029,-0.48784907269239,-0.48784907269239,NaN,NaN,NaN,NaN,NaN,NaN,NaN,0,0,0,0,0,0,NaN,0.06,0.4,0,MAT,Gly,C,NaN
-2.02409638554217,-2.89497170222029,-0.48784907269239,-0.48784907269239,NaN,NaN,NaN,NaN,NaN,NaN,NaN,0,0,0,0,0,0,NaN,0.06,0.4,0,MAT,Gly,C,NaN
-2.02409638554217,-2.89497170222029,-0.48784907269239,-0.48784907269239,NaN,NaN,NaN,NaN,NaN,NaN,NaN,0,0,0,0,0,0,NaN,0.06,0.4,0,MAT,Gly,C,NaN
-2.02409638554217,-2.89497170222029,-0.48784907269239,-0.48784907269239,NaN,NaN,NaN,NaN,NaN,NaN,NaN,0,0,0,0,0,0,NaN,0.06,0.4,0,MAT,Gly,C,NaN
-2.02409638554217,-2.89497170222029,-0.48784907269239,-0.48784907269239,NaN,NaN,NaN,NaN,NaN,NaN,NaN,0,0,0,0,0,0,NaN,0.06,0.4,0,MAT,Gly,C,NaN
-2.02409638554217,-2.89497170222029,-0.48784907269239,-0.48784907269239,NaN,NaN,NaN,NaN,NaN,NaN,NaN,0,0,0,0,0,0,NaN,0.06,0.4,0,MAT,Gly,C,NaN
-2.02409638554217,-2.89497170222029,-0.48784907269239,-0.48784907269239,NaN,NaN,NaN,NaN,NaN,NaN,NaN,0,0,0,0,0,0,NaN,0.06,0.4,0,MAT,Gly,C,NaN
-2.02409638554217,-2.89497170222029,-0.48784907269239,-0.48784907269239,NaN,NaN,NaN,NaN,NaN,NaN,NaN,0,0,0,0,0,0,NaN,0.06,0.4,0,MAT,Gly,C,NaN
-2.02409638554217,-2.89497170222029,-0.48784907269239,-0.48784907269239,NaN,NaN,NaN,NaN,NaN,NaN,NaN,0,0,0,0,0,0,NaN,0.06,0.4,0,MAT,Gly,C,NaN
-2.02409638554217,-2.89497170222029,-0.48784907269239,-0.48784907269239,NaN,NaN,NaN,NaN,NaN,NaN,NaN,0,0,0,0,0,0,NaN,0.06,0.4,0,MAT,Gly,C,NaN
22.3201376936317,8.46454070526774,2.79707951396291,3.22700916648902,NaN,NaN,NaN,NaN,NaN,NaN,NaN,1229900,104790,1.425856,1,0,0,1,0.06,0.4,0,MAT,Gly,C,NaN
-2.02409638554217,-2.89497170222029,-0.48784907269239,-0.48784907269239,NaN,NaN,NaN,NaN,NaN,NaN,NaN,0,0,0,0,0,0,NaN,0.06,0.4,0,MAT,Gly,C,NaN
-2.02409638554217,-2.89497170222029,-0.48784907269239,-0.48784907269239,NaN,NaN,NaN,NaN,NaN,NaN,NaN,0,0,0,0,0,0,NaN,0.06,0.4,0,MAT,Gly,C,NaN
-2.02409638554217,-2.89497170222029,-0.48784907269239,-0.48784907269239,NaN,NaN,NaN,NaN,NaN,NaN,NaN,0,0,0,0,0,0,NaN,0.06,0.4,0,MAT,Gly,C,NaN
-2.02409638554217,-2.89497170222029,-0.48784907269239,-0.48784907269239,NaN,NaN,NaN,NaN,NaN,NaN,NaN,0,0,0,0,0,0,NaN,0.06,0.4,0,MAT,Gly,C,NaN
-2.02409638554217,-2.89497170222029,-0.48784907269239,-0.48784907269239,NaN,NaN,NaN,NaN,NaN,NaN,NaN,0,0,0,0,0,0,NaN,0.06,0.4,0,MAT,Gly,C,NaN
-2.02409638554217,-2.89497170222029,-0.48784907269239,-0.48784907269239,NaN,NaN,NaN,NaN,NaN,NaN,NaN,0,0,0,0,0,0,NaN,0.06,0.4,0,MAT,Gly,C,NaN
12.031669535284,3.84808445798868,2.7501811980388,3.70383713493925,NaN,NaN,NaN,NaN,NaN,NaN,NaN,2710700,997980,1.375888,1,0,0,1,0.06,0.4,0,MAT,Gly,C,NaN
-2.02409638554217,-2.89497170222029,-0.48784907269239,-0.48784907269239,NaN,NaN,NaN,NaN,NaN,NaN,NaN,0,0,0,0,0,0,NaN,0.06,0.4,0,MAT,Gly,C,NaN
-2.02409638554217,-2.89497170222029,-0.48784907269239,-0.48784907269239,NaN,NaN,NaN,NaN,NaN,NaN,NaN,0,0,0,0,0,0,NaN,0.06,0.4,0,MAT,Gly,C,NaN
-2.02409638554217,-2.89497170222029,-0.48784907269239,-0.48784907269239,NaN,NaN,NaN,NaN,NaN,NaN,NaN,0,0,0,0,0,0,NaN,0.06,0.4,0,MAT,Gly,C,NaN
-2.02409638554217,-2.89497170222029,-0.48784907269239,-0.48784907269239,NaN,NaN,NaN,NaN,NaN,NaN,NaN,0,0,0,0,0,0,NaN,0.06,0.4,0,MAT,Gly,C,NaN
-2.02409638554217,-2.89497170222029,-0.48784907269239,-0.48784907269239,NaN,NaN,NaN,NaN,NaN,NaN,NaN,0,0,0,0,0,0,NaN,0.06,0.4,0,MAT,Gly,C,NaN
-2.02409638554217,-2.89497170222029,-0.48784907269239,-0.48784907269239,NaN,NaN,NaN,NaN,NaN,NaN,NaN,0,0,0,0,0,0,NaN,0.06,0.4,0,MAT,Gly,C,NaN
6.32564543889845,2.32279059643013,1.838989554466,2.67667874653592,NaN,NaN,NaN,NaN,NaN,NaN,NaN,701560,105700,1.357504,1,0,1,2,0.06,0.4,0,MAT,Gly,C,NaN
14.4771084337349,4.80411406181977,2.90724792155191,4.04730334683436,NaN,NaN,NaN,NaN,NaN,NaN,NaN,NaN,NaN,0,0,0,0,NaN,0.06,0.4,0,MAT,Gly,C,NaN
-2.02409638554217,-2.89497170222029,-0.48784907269239,-0.48784907269239,NaN,NaN,NaN,NaN,NaN,NaN,NaN,0,0,0,0,0,0,NaN,0.06,0.4,0,MAT,Gly,C,NaN
-2.02409638554217,-2.89497170222029,-0.48784907269239,-0.48784907269239,NaN,NaN,NaN,NaN,NaN,NaN,NaN,0,0,0,0,0,0,NaN,0.06,0.4,0,MAT,Gly,C,NaN
-2.02409638554217,-2.89497170222029,-0.48784907269239,-0.48784907269239,NaN,NaN,NaN,NaN,NaN,NaN,NaN,0,0,0,0,0,0,NaN,0.06,0.4,0,MAT,Gly,C,NaN
-2.02409638554217,-2.89497170222029,-0.48784907269239,-0.48784907269239,NaN,NaN,NaN,NaN,NaN,NaN,NaN,0,0,0,0,0,0,NaN,0.06,0.4,0,MAT,Gly,C,NaN
-2.02409638554217,-2.89497170222029,-0.48784907269239,-0.48784907269239,NaN,NaN,NaN,NaN,NaN,NaN,NaN,0,0,0,0,0,0,NaN,0.06,0.4,0,MAT,Gly,C,NaN
-2.02409638554217,-2.89497170222029,-0.48784907269239,-0.48784907269239,NaN,NaN,NaN,NaN,NaN,NaN,NaN,0,0,0,0,0,0,NaN,0.06,0.4,0,MAT,Gly,C,NaN
-2.02409638554217,-2.89497170222029,-0.48784907269239,-0.48784907269239,NaN,NaN,NaN,NaN,NaN,NaN,NaN,0,0,0,0,0,0,NaN,0.06,0.4,0,MAT,Gly,C,NaN
-2.02409638554217,-2.89497170222029,-0.48784907269239,-0.48784907269239,NaN,NaN,NaN,NaN,NaN,NaN,NaN,0,0,0,0,0,0,NaN,0.06,0.4,0,MAT,Gly,C,NaN
-2.02409638554217,-2.89497170222029,-0.48784907269239,-0.48784907269239,NaN,NaN,NaN,NaN,NaN,NaN,NaN,0,0,0,0,0,0,NaN,0.06,0.4,0,MAT,Gly,C,NaN
-2.02409638554217,-2.89497170222029,-0.48784907269239,-0.48784907269239,NaN,NaN,NaN,NaN,NaN,NaN,NaN,0,0,0,0,0,0,NaN,0.06,0.4,0,MAT,Gly,C,NaN
-2.02409638554217,-2.89497170222029,-0.48784907269239,-0.48784907269239,NaN,NaN,NaN,NaN,NaN,NaN,NaN,0,0,0,0,0,0,NaN,0.06,0.4,0,MAT,Gly,C,NaN
-2.02409638554217,-2.89497170222029,-0.48784907269239,-0.48784907269239,NaN,NaN,NaN,NaN,NaN,NaN,NaN,0,0,0,0,0,0,NaN,0.06,0.4,0,MAT,Gly,C,NaN
-2.02409638554217,-2.89497170222029,-0.48784907269239,-0.48784907269239,NaN,NaN,NaN,NaN,NaN,NaN,NaN,0,0,0,0,0,0,NaN,0.06,0.4,0,MAT,Gly,C,NaN
-2.02409638554217,-2.89497170222029,-0.48784907269239,-0.48784907269239,NaN,NaN,NaN,NaN,NaN,NaN,NaN,0,0,0,0,0,0,NaN,0.06,0.4,0,MAT,Gly,C,NaN
-2.02409638554217,-2.89497170222029,-0.48784907269239,-0.48784907269239,NaN,NaN,NaN,NaN,NaN,NaN,NaN,0,0,0,0,0,0,NaN,0.06,0.4,0,MAT,Gly,C,NaN
-2.02409638554217,-2.89497170222029,-0.48784907269239,-0.48784907269239,NaN,NaN,NaN,NaN,NaN,NaN,NaN,0,0,0,0,0,0,NaN,0.06,0.4,0,MAT,Gly,C,NaN
-2.02409638554217,-2.89497170222029,-0.48784907269239,-0.48784907269239,NaN,NaN,NaN,NaN,NaN,NaN,NaN,0,0,0,0,0,0,NaN,0.06,0.4,0,MAT,Gly,C,NaN
-2.02409638554217,-2.89497170222029,-0.48784907269239,-0.48784907269239,NaN,NaN,NaN,NaN,NaN,NaN,NaN,0,0,0,0,0,0,NaN,0.06,0.4,0,MAT,Gly,C,NaN
-2.02409638554217,-2.89497170222029,-0.48784907269239,-0.48784907269239,NaN,NaN,NaN,NaN,NaN,NaN,NaN,0,0,0,0,0,0,NaN,0.06,0.4,0,MAT,Gly,C,NaN
-2.02409638554217,-2.89497170222029,-0.48784907269239,-0.48784907269239,NaN,NaN,NaN,NaN,NaN,NaN,NaN,0,0,0,0,0,0,NaN,0.06,0.4,0,MAT,Gly,C,NaN
-2.02409638554217,-2.89497170222029,-0.48784907269239,-0.48784907269239,NaN,NaN,NaN,NaN,NaN,NaN,NaN,0,0,0,0,0,0,NaN,0.06,0.4,0,MAT,Gly,C,NaN
-2.02409638554217,-2.89497170222029,-0.48784907269239,-0.48784907269239,NaN,NaN,NaN,NaN,NaN,NaN,NaN,0,0,0,0,0,0,NaN,0.06,0.4,0,MAT,Gly,C,NaN
-2.02409638554217,-2.89497170222029,-0.48784907269239,-0.48784907269239,NaN,NaN,NaN,NaN,NaN,NaN,NaN,0,0,0,0,0,0,NaN,0.06,0.4,0,MAT,Gly,C,NaN
-2.02409638554217,-2.89497170222029,-0.48784907269239,-0.48784907269239,NaN,NaN,NaN,NaN,NaN,NaN,NaN,0,0,0,0,0,0,NaN,0.06,0.4,0,MAT,Gly,C,NaN
-2.02409638554217,-2.89497170222029,-0.48784907269239,-0.48784907269239,NaN,NaN,NaN,NaN,NaN,NaN,NaN,0,0,0,0,0,0,NaN,0.06,0.4,0,MAT,Gly,C,NaN
11.1944922547332,3.6669786678276,2.71487955659774,3.71253464080153,NaN,NaN,NaN,NaN,NaN,NaN,NaN,445530,57584,1.397536,1,0,1,2,0.06,0.4,0,MAT,Gly,C,NaN
-2.02409638554217,-2.89497170222029,-0.48784907269239,-0.48784907269239,NaN,NaN,NaN,NaN,NaN,NaN,NaN,0,0,0,0,0,0,NaN,0.06,0.4,0,MAT,Gly,C,NaN
-2.02409638554217,-2.89497170222029,-0.48784907269239,-0.48784907269239,NaN,NaN,NaN,NaN,NaN,NaN,NaN,0,0,0,0,0,0,NaN,0.06,0.4,0,MAT,Gly,C,NaN
7.73562822719449,3.01552024379626,1.79516094649329,2.24146237476018,NaN,NaN,NaN,NaN,NaN,NaN,NaN,233950,9632,0.992112,1,0,0,1,0.06,0.4,0,MAT,Gly,C,NaN
-2.02409638554217,-2.89497170222029,-0.48784907269239,-0.48784907269239,NaN,NaN,NaN,NaN,NaN,NaN,NaN,0,0,0,0,0,0,NaN,0.06,0.4,0,MAT,Gly,C,NaN
21.328743545611,7.2271005659556,2.8891707525048,3.51129823065444,NaN,NaN,NaN,NaN,NaN,NaN,NaN,NaN,NaN,0,0,0,0,NaN,0.06,0.4,0,MAT,Gly,C,NaN
-2.02409638554217,-2.89497170222029,-0.48784907269239,-0.48784907269239,NaN,NaN,NaN,NaN,NaN,NaN,NaN,0,0,0,0,0,0,NaN,0.06,0.4,0,MAT,Gly,C,NaN
-2.02409638554217,-2.89497170222029,-0.48784907269239,-0.48784907269239,NaN,NaN,NaN,NaN,NaN,NaN,NaN,0,0,0,0,0,0,NaN,0.06,0.4,0,MAT,Gly,C,NaN
25.0299483648881,8.44799738789726,2.88320187593264,3.9877851204434,NaN,NaN,NaN,NaN,NaN,NaN,NaN,NaN,NaN,0,0,0,0,NaN,0.06,0.4,0,MAT,Gly,C,NaN
-2.02409638554217,-2.89497170222029,-0.48784907269239,-0.48784907269239,NaN,NaN,NaN,NaN,NaN,NaN,NaN,0,0,0,0,0,0,NaN,0.06,0.4,0,MAT,Gly,C,NaN
-2.02409638554217,-2.89497170222029,-0.48784907269239,-0.48784907269239,NaN,NaN,NaN,NaN,NaN,NaN,NaN,0,0,0,0,0,0,NaN,0.06,0.4,0,MAT,Gly,C,NaN
-2.02409638554217,-2.89497170222029,-0.48784907269239,-0.48784907269239,NaN,NaN,NaN,NaN,NaN,NaN,NaN,0,0,0,0,0,0,NaN,0.06,0.4,0,MAT,Gly,C,NaN
-2.02409638554217,-2.89497170222029,-0.48784907269239,-0.48784907269239,NaN,NaN,NaN,NaN,NaN,NaN,NaN,0,0,0,0,0,0,NaN,0.06,0.4,0,MAT,Gly,C,NaN
-2.02409638554217,-2.89497170222029,-0.48784907269239,-0.48784907269239,NaN,NaN,NaN,NaN,NaN,NaN,NaN,0,0,0,0,0,0,NaN,0.06,0.4,0,MAT,Gly,C,NaN
-2.02409638554217,-2.89497170222029,-0.48784907269239,-0.48784907269239,NaN,NaN,NaN,NaN,NaN,NaN,NaN,0,0,0,0,0,0,NaN,0.06,0.4,0,MAT,Gly,C,NaN
-2.02409638554217,-2.89497170222029,-0.48784907269239,-0.48784907269239,NaN,NaN,NaN,NaN,NaN,NaN,NaN,0,0,0,0,0,0,NaN,0.06,0.4,0,MAT,Gly,C,NaN
-2.02409638554217,-2.89497170222029,-0.48784907269239,-0.48784907269239,NaN,NaN,NaN,NaN,NaN,NaN,NaN,0,0,0,0,0,0,NaN,0.06,0.4,0,MAT,Gly,C,NaN
-2.02409638554217,-2.89497170222029,-0.48784907269239,-0.48784907269239,NaN,NaN,NaN,NaN,NaN,NaN,NaN,0,0,0,0,0,0,NaN,0.06,0.4,0,MAT,Gly,C,NaN
-2.02409638554217,-2.89497170222029,-0.48784907269239,-0.48784907269239,NaN,NaN,NaN,NaN,NaN,NaN,NaN,0,0,0,0,0,0,NaN,0.06,0.4,0,MAT,Gly,C,NaN
-2.02409638554217,-2.89497170222029,-0.48784907269239,-0.48784907269239,NaN,NaN,NaN,NaN,NaN,NaN,NaN,0,0,0,0,0,0,NaN,0.06,0.4,0,MAT,Gly,C,NaN
-2.02409638554217,-2.89497170222029,-0.48784907269239,-0.48784907269239,NaN,NaN,NaN,NaN,NaN,NaN,NaN,0,0,0,0,0,0,NaN,0.06,0.4,0,MAT,Gly,C,NaN
23.950430292599,8.27263822377014,2.90468983159241,3.57473886164997,NaN,NaN,NaN,NaN,NaN,NaN,NaN,2287400,272240,1.30544,1,0,0,1,0.06,0.4,0,MAT,Gly,C,NaN
17.6936316695353,7.32218110579016,2.18586655297378,2.92549562992965,NaN,NaN,NaN,NaN,NaN,NaN,NaN,NaN,NaN,0,0,0,0,NaN,0.06,0.4,0,MAT,Gly,C,NaN
-2.02409638554217,-2.89497170222029,-0.48784907269239,-0.48784907269239,NaN,NaN,NaN,NaN,NaN,NaN,NaN,0,0,0,0,0,0,NaN,0.06,0.4,0,MAT,Gly,C,NaN
16.239586919105,7.21734871571615,2.1452781922831,2.79264549136645,NaN,NaN,NaN,NaN,NaN,NaN,NaN,NaN,NaN,0,0,0,0,NaN,0.06,0.4,0,MAT,Gly,C,NaN
-2.02409638554217,-2.89497170222029,-0.48784907269239,-0.48784907269239,NaN,NaN,NaN,NaN,NaN,NaN,NaN,0,0,0,0,0,0,NaN,0.06,0.4,0,MAT,Gly,C,NaN
17.8698795180723,8.00428820200261,2.35828181624387,2.91048816883394,NaN,NaN,NaN,NaN,NaN,NaN,NaN,1560200,151350,7.85408,2,0,0,3,0.06,0.4,0,MAT,Gly,C,NaN
-2.02409638554217,-2.89497170222029,-0.48784907269239,-0.48784907269239,NaN,NaN,NaN,NaN,NaN,NaN,NaN,0,0,0,0,0,0,NaN,0.06,0.4,0,MAT,Gly,C,NaN
-2.02409638554217,-2.89497170222029,-0.48784907269239,-0.48784907269239,NaN,NaN,NaN,NaN,NaN,NaN,NaN,0,0,0,0,0,0,NaN,0.06,0.4,0,MAT,Gly,C,NaN
-2.02409638554217,-2.89497170222029,-0.48784907269239,-0.48784907269239,NaN,NaN,NaN,NaN,NaN,NaN,NaN,0,0,0,0,0,0,NaN,0.06,0.4,0,MAT,Gly,C,NaN
-2.02409638554217,-2.89497170222029,-0.48784907269239,-0.48784907269239,NaN,NaN,NaN,NaN,NaN,NaN,NaN,0,0,0,0,0,0,NaN,0.06,0.4,0,MAT,Gly,C,NaN
-2.02409638554217,-2.89497170222029,-0.48784907269239,-0.48784907269239,NaN,NaN,NaN,NaN,NaN,NaN,NaN,0,0,0,0,0,0,NaN,0.06,0.4,0,MAT,Gly,C,NaN
-2.02409638554217,-2.89497170222029,-0.48784907269239,-0.48784907269239,NaN,NaN,NaN,NaN,NaN,NaN,NaN,0,0,0,0,0,0,NaN,0.06,0.4,0,MAT,Gly,C,NaN
-2.02409638554217,-2.89497170222029,-0.48784907269239,-0.48784907269239,NaN,NaN,NaN,NaN,NaN,NaN,NaN,0,0,0,0,0,0,NaN,0.06,0.4,0,MAT,Gly,C,NaN
-2.02409638554217,-2.89497170222029,-0.48784907269239,-0.48784907269239,NaN,NaN,NaN,NaN,NaN,NaN,NaN,0,0,0,0,0,0,NaN,0.06,0.4,0,MAT,Gly,C,NaN
-2.02409638554217,-2.89497170222029,-0.48784907269239,-0.48784907269239,NaN,NaN,NaN,NaN,NaN,NaN,NaN,0,0,0,0,0,0,NaN,0.06,0.4,0,MAT,Gly,C,NaN
-2.02409638554217,-2.89497170222029,-0.48784907269239,-0.48784907269239,NaN,NaN,NaN,NaN,NaN,NaN,NaN,0,0,0,0,0,0,NaN,0.06,0.4,0,MAT,Gly,C,NaN
-2.02409638554217,-2.89497170222029,-0.48784907269239,-0.48784907269239,NaN,NaN,NaN,NaN,NaN,NaN,NaN,0,0,0,0,0,0,NaN,0.06,0.4,0,MAT,Gly,C,NaN
-2.02409638554217,-2.89497170222029,-0.48784907269239,-0.48784907269239,NaN,NaN,NaN,NaN,NaN,NaN,NaN,0,0,0,0,0,0,NaN,0.06,0.4,0,MAT,Gly,C,NaN
-2.02409638554217,-2.89497170222029,-0.48784907269239,-0.48784907269239,NaN,NaN,NaN,NaN,NaN,NaN,NaN,0,0,0,0,0,0,NaN,0.06,0.4,0,MAT,Gly,C,NaN
-2.02409638554217,-2.89497170222029,-0.48784907269239,-0.48784907269239,NaN,NaN,NaN,NaN,NaN,NaN,NaN,0,0,0,0,0,0,NaN,0.06,0.4,0,MAT,Gly,C,NaN
-2.02409638554217,-2.89497170222029,-0.48784907269239,-0.48784907269239,NaN,NaN,NaN,NaN,NaN,NaN,NaN,0,0,0,0,0,0,NaN,0.06,0.4,0,MAT,Gly,C,NaN
-2.02409638554217,-2.89497170222029,-0.48784907269239,-0.48784907269239,NaN,NaN,NaN,NaN,NaN,NaN,NaN,0,0,0,0,0,0,NaN,0.06,0.4,0,MAT,Gly,C,NaN
-2.02409638554217,-2.89497170222029,-0.48784907269239,-0.48784907269239,NaN,NaN,NaN,NaN,NaN,NaN,NaN,0,0,0,0,0,0,NaN,0.06,0.4,0,MAT,Gly,C,NaN
11.0623063683305,3.80158902916848,2.70874014069495,3.37537838413984,NaN,NaN,NaN,NaN,NaN,NaN,NaN,1869700,518420,1.40072,1,0,0,1,0.06,0.4,0,MAT,Gly,C,NaN
11.9876075731497,4.63902916848063,2.10127904497975,2.81754423363888,NaN,NaN,NaN,NaN,NaN,NaN,NaN,1250500,112630,4.17024,2,0,0,3,0.06,0.4,0,MAT,Gly,C,NaN
-2.02409638554217,-2.89497170222029,-0.48784907269239,-0.48784907269239,NaN,NaN,NaN,NaN,NaN,NaN,NaN,0,0,0,0,0,0,NaN,0.06,0.4,0,MAT,Gly,C,NaN
-2.02409638554217,-2.89497170222029,-0.48784907269239,-0.48784907269239,NaN,NaN,NaN,NaN,NaN,NaN,NaN,0,0,0,0,0,0,NaN,0.06,0.4,0,MAT,Gly,C,NaN
19.742512908778,10.2087287766652,2.04261351524195,2.79776167128544,NaN,NaN,NaN,NaN,NaN,NaN,NaN,NaN,NaN,0,0,0,0,NaN,0.06,0.4,0,MAT,Gly,C,NaN
22.4082616179002,7.64155420113191,2.86324877424856,3.64721807716905,NaN,NaN,NaN,NaN,NaN,NaN,NaN,2214000,293980,1.583296,1,0,0,1,0.06,0.4,0,MAT,Gly,C,NaN
-2.02409638554217,-2.89497170222029,-0.48784907269239,-0.48784907269239,NaN,NaN,NaN,NaN,NaN,NaN,NaN,0,0,0,0,0,0,NaN,0.06,0.4,0,MAT,Gly,C,NaN
15.5566265060241,3.58234653896387,2.4201875932637,3.56211895118312,NaN,NaN,NaN,NaN,NaN,NaN,NaN,1427600,166700,1.229248,1,0,0,1,0.06,0.4,0,MAT,Gly,C,NaN
-2.02409638554217,-2.89497170222029,-0.48784907269239,-0.48784907269239,NaN,NaN,NaN,NaN,NaN,NaN,NaN,0,0,0,0,0,0,NaN,0.06,0.4,0,MAT,Gly,C,NaN
-2.02409638554217,-2.89497170222029,-0.48784907269239,-0.48784907269239,NaN,NaN,NaN,NaN,NaN,NaN,NaN,0,0,0,0,0,0,NaN,0.06,0.4,0,MAT,Gly,C,NaN
-2.02409638554217,-2.89497170222029,-0.48784907269239,-0.48784907269239,NaN,NaN,NaN,NaN,NaN,NaN,NaN,0,0,0,0,0,0,NaN,0.06,0.4,0,MAT,Gly,C,NaN
-2.02409638554217,-2.89497170222029,-0.48784907269239,-0.48784907269239,NaN,NaN,NaN,NaN,NaN,NaN,NaN,0,0,0,0,0,0,NaN,0.06,0.4,0,MAT,Gly,C,NaN
-2.02409638554217,-2.89497170222029,-0.48784907269239,-0.48784907269239,NaN,NaN,NaN,NaN,NaN,NaN,NaN,0,0,0,0,0,0,NaN,0.06,0.4,0,MAT,Gly,C,NaN
-2.02409638554217,-2.89497170222029,-0.48784907269239,-0.48784907269239,NaN,NaN,NaN,NaN,NaN,NaN,NaN,0,0,0,0,0,0,NaN,0.06,0.4,0,MAT,Gly,C,NaN
-2.02409638554217,-2.89497170222029,-0.48784907269239,-0.48784907269239,NaN,NaN,NaN,NaN,NaN,NaN,NaN,0,0,0,0,0,0,NaN,0.06,0.4,0,MAT,Gly,C,NaN
12.384165232358,4.53907270352634,2.69424429759113,4.15985930505223,NaN,NaN,NaN,NaN,NaN,NaN,NaN,NaN,NaN,0,0,0,0,NaN,0.06,0.4,0,MAT,Gly,C,NaN
-2.02409638554217,-2.89497170222029,-0.48784907269239,-0.48784907269239,NaN,NaN,NaN,NaN,NaN,NaN,NaN,0,0,0,0,0,0,NaN,0.06,0.4,0,MAT,Gly,C,NaN
-2.02409638554217,-2.89497170222029,-0.48784907269239,-0.48784907269239,NaN,NaN,NaN,NaN,NaN,NaN,NaN,0,0,0,0,0,0,NaN,0.06,0.4,0,MAT,Gly,C,NaN
-2.02409638554217,-2.89497170222029,-0.48784907269239,-0.48784907269239,NaN,NaN,NaN,NaN,NaN,NaN,NaN,0,0,0,0,0,0,NaN,0.06,0.4,0,MAT,Gly,C,NaN
-2.02409638554217,-2.89497170222029,-0.48784907269239,-0.48784907269239,NaN,NaN,NaN,NaN,NaN,NaN,NaN,0,0,0,0,0,0,NaN,0.06,0.4,0,MAT,Gly,C,NaN
-2.02409638554217,-2.89497170222029,-0.48784907269239,-0.48784907269239,NaN,NaN,NaN,NaN,NaN,NaN,NaN,0,0,0,0,0,0,NaN,0.06,0.4,0,MAT,Gly,C,NaN
-2.02409638554217,-2.89497170222029,-0.48784907269239,-0.48784907269239,NaN,NaN,NaN,NaN,NaN,NaN,NaN,0,0,0,0,0,0,NaN,0.06,0.4,0,MAT,Gly,C,NaN
-2.02409638554217,-2.89497170222029,-0.48784907269239,-0.48784907269239,NaN,NaN,NaN,NaN,NaN,NaN,NaN,0,0,0,0,0,0,NaN,0.06,0.4,0,MAT,Gly,C,NaN
-2.02409638554217,-2.89497170222029,-0.48784907269239,-0.48784907269239,NaN,NaN,NaN,NaN,NaN,NaN,NaN,0,0,0,0,0,0,NaN,0.06,0.4,0,MAT,Gly,C,NaN
-2.02409638554217,-2.89497170222029,-0.48784907269239,-0.48784907269239,NaN,NaN,NaN,NaN,NaN,NaN,NaN,0,0,0,0,0,0,NaN,0.06,0.4,0,MAT,Gly,C,NaN
-2.02409638554217,-2.89497170222029,-0.48784907269239,-0.48784907269239,NaN,NaN,NaN,NaN,NaN,NaN,NaN,0,0,0,0,0,0,NaN,0.06,0.4,0,MAT,Gly,C,NaN
-2.02409638554217,-2.89497170222029,-0.48784907269239,-0.48784907269239,NaN,NaN,NaN,NaN,NaN,NaN,NaN,0,0,0,0,0,0,NaN,0.06,0.4,0,MAT,Gly,C,NaN
-2.02409638554217,-2.89497170222029,-0.48784907269239,-0.48784907269239,NaN,NaN,NaN,NaN,NaN,NaN,NaN,0,0,0,0,0,0,NaN,0.06,0.4,0,MAT,Gly,C,NaN
-2.02409638554217,-2.89497170222029,-0.48784907269239,-0.48784907269239,NaN,NaN,NaN,NaN,NaN,NaN,NaN,0,0,0,0,0,0,NaN,0.06,0.4,0,MAT,Gly,C,NaN
-2.02409638554217,-2.89497170222029,-0.48784907269239,-0.48784907269239,NaN,NaN,NaN,NaN,NaN,NaN,NaN,0,0,0,0,0,0,NaN,0.06,0.4,0,MAT,Gly,C,NaN
4.07848537005164,1.62205050065303,1.68413984225112,2.02521850351737,NaN,NaN,NaN,NaN,NaN,NaN,NaN,NaN,NaN,0,0,0,0,NaN,0.06,0.4,0,MAT,Gly,C,NaN
-2.02409638554217,-2.89497170222029,-0.48784907269239,-0.48784907269239,NaN,NaN,NaN,NaN,NaN,NaN,NaN,0,0,0,0,0,0,NaN,0.06,0.4,0,MAT,Gly,C,NaN
28.9955249569707,9.76066608619939,2.92072052867192,3.53142187166915,NaN,NaN,NaN,NaN,NaN,NaN,NaN,2109600,136600,1.192224,1,0,0,1,0.06,0.4,0,MAT,Gly,C,NaN
17.7376936316695,6.04625598606879,2.57162651886591,3.08153911745896,NaN,NaN,NaN,NaN,NaN,NaN,NaN,1788300,115640,1.028656,1,0,0,1,0.06,0.4,0,MAT,Gly,C,NaN
-2.02409638554217,-2.89497170222029,-0.48784907269239,-0.48784907269239,NaN,NaN,NaN,NaN,NaN,NaN,NaN,0,0,0,0,0,0,NaN,0.06,0.4,0,MAT,Gly,C,NaN
-2.02409638554217,-2.89497170222029,-0.48784907269239,-0.48784907269239,NaN,NaN,NaN,NaN,NaN,NaN,NaN,0,0,0,0,0,0,NaN,0.06,0.4,0,MAT,Gly,C,NaN
-2.02409638554217,-2.89497170222029,-0.48784907269239,-0.48784907269239,NaN,NaN,NaN,NaN,NaN,NaN,NaN,0,0,0,0,0,0,NaN,0.06,0.4,0,MAT,Gly,C,NaN
-2.02409638554217,-2.89497170222029,-0.48784907269239,-0.48784907269239,NaN,NaN,NaN,NaN,NaN,NaN,NaN,0,0,0,0,0,0,NaN,0.06,0.4,0,MAT,Gly,C,NaN
14.8296041308089,6.84904222899434,2.10008526966532,2.56736303560009,NaN,NaN,NaN,NaN,NaN,NaN,NaN,1406000,251240,1.354352,1,0,1,2,0.06,0.4,0,MAT,Gly,C,NaN
-2.02409638554217,-2.89497170222029,-0.48784907269239,-0.48784907269239,NaN,NaN,NaN,NaN,NaN,NaN,NaN,0,0,0,0,0,0,NaN,0.06,0.4,0,MAT,Gly,C,NaN
-2.02409638554217,-2.89497170222029,-0.48784907269239,-0.48784907269239,NaN,NaN,NaN,NaN,NaN,NaN,NaN,0,0,0,0,0,0,NaN,0.06,0.4,0,MAT,Gly,C,NaN
-2.02409638554217,-2.89497170222029,-0.48784907269239,-0.48784907269239,NaN,NaN,NaN,NaN,NaN,NaN,NaN,0,0,0,0,0,0,NaN,0.06,0.4,0,MAT,Gly,C,NaN
-2.02409638554217,-2.89497170222029,-0.48784907269239,-0.48784907269239,NaN,NaN,NaN,NaN,NaN,NaN,NaN,0,0,0,0,0,0,NaN,0.06,0.4,0,MAT,Gly,C,NaN
-2.02409638554217,-2.89497170222029,-0.48784907269239,-0.48784907269239,NaN,NaN,NaN,NaN,NaN,NaN,NaN,0,0,0,0,0,0,NaN,0.06,0.4,0,MAT,Gly,C,NaN
-2.02409638554217,-2.89497170222029,-0.48784907269239,-0.48784907269239,NaN,NaN,NaN,NaN,NaN,NaN,NaN,0,0,0,0,0,0,NaN,0.06,0.4,0,MAT,Gly,C,NaN
-2.02409638554217,-2.89497170222029,-0.48784907269239,-0.48784907269239,NaN,NaN,NaN,NaN,NaN,NaN,NaN,0,0,0,0,0,0,NaN,0.06,0.4,0,MAT,Gly,C,NaN
-2.02409638554217,-2.89497170222029,-0.48784907269239,-0.48784907269239,NaN,NaN,NaN,NaN,NaN,NaN,NaN,0,0,0,0,0,0,NaN,0.06,0.4,0,MAT,Gly,C,NaN
-2.02409638554217,-2.89497170222029,-0.48784907269239,-0.48784907269239,NaN,NaN,NaN,NaN,NaN,NaN,NaN,0,0,0,0,0,0,NaN,0.06,0.4,0,MAT,Gly,C,NaN
-2.02409638554217,-2.89497170222029,-0.48784907269239,-0.48784907269239,NaN,NaN,NaN,NaN,NaN,NaN,NaN,0,0,0,0,0,0,NaN,0.06,0.4,0,MAT,Gly,C,NaN
-2.02409638554217,-2.89497170222029,-0.48784907269239,-0.48784907269239,NaN,NaN,NaN,NaN,NaN,NaN,NaN,0,0,0,0,0,0,NaN,0.06,0.4,0,MAT,Gly,C,NaN
-2.02409638554217,-2.89497170222029,-0.48784907269239,-0.48784907269239,NaN,NaN,NaN,NaN,NaN,NaN,NaN,0,0,0,0,0,0,NaN,0.06,0.4,0,MAT,Gly,C,NaN
-2.02409638554217,-2.89497170222029,-0.48784907269239,-0.48784907269239,NaN,NaN,NaN,NaN,NaN,NaN,NaN,0,0,0,0,0,0,NaN,0.06,0.4,0,MAT,Gly,C,NaN
-2.02409638554217,-2.89497170222029,-0.48784907269239,-0.48784907269239,NaN,NaN,NaN,NaN,NaN,NaN,NaN,0,0,0,0,0,0,NaN,0.06,0.4,0,MAT,Gly,C,NaN
-2.02409638554217,-2.89497170222029,-0.48784907269239,-0.48784907269239,NaN,NaN,NaN,NaN,NaN,NaN,NaN,0,0,0,0,0,0,NaN,0.06,0.4,0,MAT,Gly,C,NaN
-2.02409638554217,-2.89497170222029,-0.48784907269239,-0.48784907269239,NaN,NaN,NaN,NaN,NaN,NaN,NaN,0,0,0,0,0,0,NaN,0.06,0.4,0,MAT,Gly,C,NaN
-2.02409638554217,-2.89497170222029,-0.48784907269239,-0.48784907269239,NaN,NaN,NaN,NaN,NaN,NaN,NaN,0,0,0,0,0,0,NaN,0.06,0.4,0,MAT,Gly,C,NaN
-2.02409638554217,-2.89497170222029,-0.48784907269239,-0.48784907269239,NaN,NaN,NaN,NaN,NaN,NaN,NaN,0,0,0,0,0,0,NaN,0.06,0.4,0,MAT,Gly,C,NaN
-2.02409638554217,-2.89497170222029,-0.48784907269239,-0.48784907269239,NaN,NaN,NaN,NaN,NaN,NaN,NaN,0,0,0,0,0,0,NaN,0.06,0.4,0,MAT,Gly,C,NaN
20.5796901893287,7.74830213321724,2.68247708377745,3.31193775314432,NaN,NaN,NaN,NaN,NaN,NaN,NaN,2382700,532890,1.300832,1,0,0,1,0.06,0.4,0,MAT,Gly,C,NaN
-2.02409638554217,-2.89497170222029,-0.48784907269239,-0.48784907269239,NaN,NaN,NaN,NaN,NaN,NaN,NaN,0,0,0,0,0,0,NaN,0.06,0.4,0,MAT,Gly,C,NaN
-2.02409638554217,-2.89497170222029,-0.48784907269239,-0.48784907269239,NaN,NaN,NaN,NaN,NaN,NaN,NaN,0,0,0,0,0,0,NaN,0.06,0.4,0,MAT,Gly,C,NaN
-2.02409638554217,-2.89497170222029,-0.48784907269239,-0.48784907269239,NaN,NaN,NaN,NaN,NaN,NaN,NaN,0,0,0,0,0,0,NaN,0.06,0.4,0,MAT,Gly,C,NaN
-2.02409638554217,-2.89497170222029,-0.48784907269239,-0.48784907269239,NaN,NaN,NaN,NaN,NaN,NaN,NaN,0,0,0,0,0,0,NaN,0.06,0.4,0,MAT,Gly,C,NaN
-2.02409638554217,-2.89497170222029,-0.48784907269239,-0.48784907269239,NaN,NaN,NaN,NaN,NaN,NaN,NaN,0,0,0,0,0,0,NaN,0.06,0.4,0,MAT,Gly,C,NaN
-2.02409638554217,-2.89497170222029,-0.48784907269239,-0.48784907269239,NaN,NaN,NaN,NaN,NaN,NaN,NaN,0,0,0,0,0,0,NaN,0.06,0.4,0,MAT,Gly,C,NaN
14.9838209982788,5.00803221593383,2.80168407589,3.71935621402686,NaN,NaN,NaN,NaN,NaN,NaN,NaN,1598100,314970,1.374912,1,0,0,1,0.06,0.4,0,MAT,Gly,C,NaN
-2.02409638554217,-2.89497170222029,-0.48784907269239,-0.48784907269239,NaN,NaN,NaN,NaN,NaN,NaN,NaN,0,0,0,0,0,0,NaN,0.06,0.4,0,MAT,Gly,C,NaN
-2.02409638554217,-2.89497170222029,-0.48784907269239,-0.48784907269239,NaN,NaN,NaN,NaN,NaN,NaN,NaN,0,0,0,0,0,0,NaN,0.06,0.4,0,MAT,Gly,C,NaN
-2.02409638554217,-2.89497170222029,-0.48784907269239,-0.48784907269239,NaN,NaN,NaN,NaN,NaN,NaN,NaN,0,0,0,0,0,0,NaN,0.06,0.4,0,MAT,Gly,C,NaN
59.2220309810671,25.3105137135394,2.26943082498401,2.97802174376466,NaN,NaN,NaN,NaN,NaN,NaN,NaN,NaN,NaN,0,0,0,0,NaN,0.06,0.4,0,MAT,Gly,C,NaN
-2.02409638554217,-2.89497170222029,-0.48784907269239,-0.48784907269239,NaN,NaN,NaN,NaN,NaN,NaN,NaN,0,0,0,0,0,0,NaN,0.06,0.4,0,MAT,Gly,C,NaN
-2.02409638554217,-2.89497170222029,-0.48784907269239,-0.48784907269239,NaN,NaN,NaN,NaN,NaN,NaN,NaN,0,0,0,0,0,0,NaN,0.06,0.4,0,MAT,Gly,C,NaN
-2.02409638554217,-2.89497170222029,-0.48784907269239,-0.48784907269239,NaN,NaN,NaN,NaN,NaN,NaN,NaN,0,0,0,0,0,0,NaN,0.06,0.4,0,MAT,Gly,C,NaN
-2.02409638554217,-2.89497170222029,-0.48784907269239,-0.48784907269239,NaN,NaN,NaN,NaN,NaN,NaN,NaN,0,0,0,0,0,0,NaN,0.06,0.4,0,MAT,Gly,C,NaN
-2.02409638554217,-2.89497170222029,-0.48784907269239,-0.48784907269239,NaN,NaN,NaN,NaN,NaN,NaN,NaN,0,0,0,0,0,0,NaN,0.06,0.4,0,MAT,Gly,C,NaN
-2.02409638554217,-2.89497170222029,-0.48784907269239,-0.48784907269239,NaN,NaN,NaN,NaN,NaN,NaN,NaN,0,0,0,0,0,0,NaN,0.06,0.4,0,MAT,Gly,C,NaN
-2.02409638554217,-2.89497170222029,-0.48784907269239,-0.48784907269239,NaN,NaN,NaN,NaN,NaN,NaN,NaN,0,0,0,0,0,0,NaN,0.06,0.4,0,MAT,Gly,C,NaN
-2.02409638554217,-2.89497170222029,-0.48784907269239,-0.48784907269239,NaN,NaN,NaN,NaN,NaN,NaN,NaN,0,0,0,0,0,0,NaN,0.06,0.4,0,MAT,Gly,C,NaN
16.1514629948365,7.25043535045712,2.41131954807077,3.23297804306118,NaN,NaN,NaN,NaN,NaN,NaN,NaN,NaN,NaN,0,0,0,0,NaN,0.06,0.4,0,MAT,Gly,C,NaN
-2.02409638554217,-2.89497170222029,-0.48784907269239,-0.48784907269239,NaN,NaN,NaN,NaN,NaN,NaN,NaN,0,0,0,0,0,0,NaN,0.06,0.4,0,MAT,Gly,C,NaN
-2.02409638554217,-2.89497170222029,-0.48784907269239,-0.48784907269239,NaN,NaN,NaN,NaN,NaN,NaN,NaN,0,0,0,0,0,0,NaN,0.06,0.4,0,MAT,Gly,C,NaN
-2.02409638554217,-2.89497170222029,-0.48784907269239,-0.48784907269239,NaN,NaN,NaN,NaN,NaN,NaN,NaN,0,0,0,0,0,0,NaN,0.06,0.4,0,MAT,Gly,C,NaN
28.7972461273666,10.5578798432738,2.76416542315071,3.61055212108292,NaN,NaN,NaN,NaN,NaN,NaN,NaN,2271900,162300,1.073632,1,0,1,2,0.06,0.4,0,MAT,Gly,C,NaN
-2.02409638554217,-2.89497170222029,-0.48784907269239,-0.48784907269239,NaN,NaN,NaN,NaN,NaN,NaN,NaN,0,0,0,0,0,0,NaN,0.06,0.4,0,MAT,Gly,C,NaN
7.11876075731498,2.82605572485851,2.10793007887444,3.44444681304626,NaN,NaN,NaN,NaN,NaN,NaN,NaN,315070,19402,0.791712,1,0,0,1,0.06,0.4,0,MAT,Gly,C,NaN
-2.02409638554217,-2.89497170222029,-0.48784907269239,-0.48784907269239,NaN,NaN,NaN,NaN,NaN,NaN,NaN,0,0,0,0,0,0,NaN,0.06,0.4,0,MAT,Gly,C,NaN
-2.02409638554217,-2.89497170222029,-0.48784907269239,-0.48784907269239,NaN,NaN,NaN,NaN,NaN,NaN,NaN,0,0,0,0,0,0,NaN,0.06,0.4,0,MAT,Gly,C,NaN
-2.02409638554217,-2.89497170222029,-0.48784907269239,-0.48784907269239,NaN,NaN,NaN,NaN,NaN,NaN,NaN,0,0,0,0,0,0,NaN,0.06,0.4,0,MAT,Gly,C,NaN
-2.02409638554217,-2.89497170222029,-0.48784907269239,-0.48784907269239,NaN,NaN,NaN,NaN,NaN,NaN,NaN,0,0,0,0,0,0,NaN,0.06,0.4,0,MAT,Gly,C,NaN
-2.02409638554217,-2.89497170222029,-0.48784907269239,-0.48784907269239,NaN,NaN,NaN,NaN,NaN,NaN,NaN,0,0,0,0,0,0,NaN,0.06,0.4,0,MAT,Gly,C,NaN
20.3814113597246,7.66767522855899,2.73244510765295,3.5208484331699,NaN,NaN,NaN,NaN,NaN,NaN,NaN,982660,93999,1.64496,1,0,0,1,0.06,0.4,0,MAT,Gly,C,NaN
-2.02409638554217,-2.89497170222029,-0.48784907269239,-0.48784907269239,NaN,NaN,NaN,NaN,NaN,NaN,NaN,0,0,0,0,0,0,NaN,0.06,0.4,0,MAT,Gly,C,NaN
-2.02409638554217,-2.89497170222029,-0.48784907269239,-0.48784907269239,NaN,NaN,NaN,NaN,NaN,NaN,NaN,0,0,0,0,0,0,NaN,0.06,0.4,0,MAT,Gly,C,NaN
29.7666092943201,10.0575750979539,2.86700063952249,4.06708590918781,NaN,NaN,NaN,NaN,NaN,NaN,NaN,NaN,NaN,0,0,0,0,NaN,0.06,0.4,0,MAT,Gly,C,NaN
-2.02409638554217,-2.89497170222029,-0.48784907269239,-0.48784907269239,NaN,NaN,NaN,NaN,NaN,NaN,NaN,0,0,0,0,0,0,NaN,0.06,0.4,0,MAT,Gly,C,NaN
-2.02409638554217,-2.89497170222029,-0.48784907269239,-0.48784907269239,NaN,NaN,NaN,NaN,NaN,NaN,NaN,0,0,0,0,0,0,NaN,0.06,0.4,0,MAT,Gly,C,NaN
-2.02409638554217,-2.89497170222029,-0.48784907269239,-0.48784907269239,NaN,NaN,NaN,NaN,NaN,NaN,NaN,0,0,0,0,0,0,NaN,0.06,0.4,0,MAT,Gly,C,NaN
25.1401032702238,10.3304527644754,2.57316137284161,3.21592410999787,NaN,NaN,NaN,NaN,NaN,NaN,NaN,1881800,243310,1.544976,1,0,0,1,0.06,0.4,0,MAT,Gly,C,NaN
-2.02409638554217,-2.89497170222029,-0.48784907269239,-0.48784907269239,NaN,NaN,NaN,NaN,NaN,NaN,NaN,0,0,0,0,0,0,NaN,0.06,0.4,0,MAT,Gly,C,NaN
-2.02409638554217,-2.89497170222029,-0.48784907269239,-0.48784907269239,NaN,NaN,NaN,NaN,NaN,NaN,NaN,0,0,0,0,0,0,NaN,0.06,0.4,0,MAT,Gly,C,NaN
-2.02409638554217,-2.89497170222029,-0.48784907269239,-0.48784907269239,NaN,NaN,NaN,NaN,NaN,NaN,NaN,0,0,0,0,0,0,NaN,0.06,0.4,0,MAT,Gly,C,NaN
-2.02409638554217,-2.89497170222029,-0.48784907269239,-0.48784907269239,NaN,NaN,NaN,NaN,NaN,NaN,NaN,0,0,0,0,0,0,NaN,0.06,0.4,0,MAT,Gly,C,NaN
-2.02409638554217,-2.89497170222029,-0.48784907269239,-0.48784907269239,NaN,NaN,NaN,NaN,NaN,NaN,NaN,0,0,0,0,0,0,NaN,0.06,0.4,0,MAT,Gly,C,NaN
-2.02409638554217,-2.89497170222029,-0.48784907269239,-0.48784907269239,NaN,NaN,NaN,NaN,NaN,NaN,NaN,0,0,0,0,0,0,NaN,0.06,0.4,0,MAT,Gly,C,NaN
-2.02409638554217,-2.89497170222029,-0.48784907269239,-0.48784907269239,NaN,NaN,NaN,NaN,NaN,NaN,NaN,0,0,0,0,0,0,NaN,0.06,0.4,0,MAT,Gly,C,NaN
-2.02409638554217,-2.89497170222029,-0.48784907269239,-0.48784907269239,NaN,NaN,NaN,NaN,NaN,NaN,NaN,0,0,0,0,0,0,NaN,0.06,0.4,0,MAT,Gly,C,NaN
-2.02409638554217,-2.89497170222029,-0.48784907269239,-0.48784907269239,NaN,NaN,NaN,NaN,NaN,NaN,NaN,0,0,0,0,0,0,NaN,0.06,0.4,0,MAT,Gly,C,NaN
-2.02409638554217,-2.89497170222029,-0.48784907269239,-0.48784907269239,NaN,NaN,NaN,NaN,NaN,NaN,NaN,0,0,0,0,0,0,NaN,0.06,0.4,0,MAT,Gly,C,NaN
-2.02409638554217,-2.89497170222029,-0.48784907269239,-0.48784907269239,NaN,NaN,NaN,NaN,NaN,NaN,NaN,0,0,0,0,0,0,NaN,0.06,0.4,0,MAT,Gly,C,NaN
-2.02409638554217,-2.89497170222029,-0.48784907269239,-0.48784907269239,NaN,NaN,NaN,NaN,NaN,NaN,NaN,0,0,0,0,0,0,NaN,0.06,0.4,0,MAT,Gly,C,NaN
-2.02409638554217,-2.89497170222029,-0.48784907269239,-0.48784907269239,NaN,NaN,NaN,NaN,NaN,NaN,NaN,0,0,0,0,0,0,NaN,0.06,0.4,0,MAT,Gly,C,NaN
13.3314974182444,8.77451023073574,1.7242165849499,2.22065657642294,NaN,NaN,NaN,NaN,NaN,NaN,NaN,3276000,607550,1.167264,1,0,1,2,0.06,0.4,0,MAT,Gly,C,NaN
-2.02409638554217,-2.89497170222029,-0.48784907269239,-0.48784907269239,NaN,NaN,NaN,NaN,NaN,NaN,NaN,0,0,0,0,0,0,NaN,0.06,0.4,0,MAT,Gly,C,NaN
13.5738382099828,4.94377448846321,2.6086335536133,3.45109784694095,NaN,NaN,NaN,NaN,NaN,NaN,NaN,1067200,114570,1.63008,1,0,0,1,0.06,0.4,0,MAT,Gly,C,NaN
-2.02409638554217,-2.89497170222029,-0.48784907269239,-0.48784907269239,NaN,NaN,NaN,NaN,NaN,NaN,NaN,0,0,0,0,0,0,NaN,0.06,0.4,0,MAT,Gly,C,NaN
-2.02409638554217,-2.89497170222029,-0.48784907269239,-0.48784907269239,NaN,NaN,NaN,NaN,NaN,NaN,NaN,0,0,0,0,0,0,NaN,0.06,0.4,0,MAT,Gly,C,NaN
-2.02409638554217,-2.89497170222029,-0.48784907269239,-0.48784907269239,NaN,NaN,NaN,NaN,NaN,NaN,NaN,0,0,0,0,0,0,NaN,0.06,0.4,0,MAT,Gly,C,NaN
-2.02409638554217,-2.89497170222029,-0.48784907269239,-0.48784907269239,NaN,NaN,NaN,NaN,NaN,NaN,NaN,0,0,0,0,0,0,NaN,0.06,0.4,0,MAT,Gly,C,NaN
-2.02409638554217,-2.89497170222029,-0.48784907269239,-0.48784907269239,NaN,NaN,NaN,NaN,NaN,NaN,NaN,0,0,0,0,0,0,NaN,0.06,0.4,0,MAT,Gly,C,NaN
-2.02409638554217,-2.89497170222029,-0.48784907269239,-0.48784907269239,NaN,NaN,NaN,NaN,NaN,NaN,NaN,0,0,0,0,0,0,NaN,0.06,0.4,0,MAT,Gly,C,NaN
-2.02409638554217,-2.89497170222029,-0.48784907269239,-0.48784907269239,NaN,NaN,NaN,NaN,NaN,NaN,NaN,0,0,0,0,0,0,NaN,0.06,0.4,0,MAT,Gly,C,NaN
-2.02409638554217,-2.89497170222029,-0.48784907269239,-0.48784907269239,NaN,NaN,NaN,NaN,NaN,NaN,NaN,0,0,0,0,0,0,NaN,0.06,0.4,0,MAT,Gly,C,NaN
-2.02409638554217,-2.89497170222029,-0.48784907269239,-0.48784907269239,NaN,NaN,NaN,NaN,NaN,NaN,NaN,0,0,0,0,0,0,NaN,0.06,0.4,0,MAT,Gly,C,NaN
-2.02409638554217,-2.89497170222029,-0.48784907269239,-0.48784907269239,NaN,NaN,NaN,NaN,NaN,NaN,NaN,0,0,0,0,0,0,NaN,0.06,0.4,0,MAT,Gly,C,NaN
-2.02409638554217,-2.89497170222029,-0.48784907269239,-0.48784907269239,NaN,NaN,NaN,NaN,NaN,NaN,NaN,0,0,0,0,0,0,NaN,0.06,0.4,0,MAT,Gly,C,NaN
-2.02409638554217,-2.89497170222029,-0.48784907269239,-0.48784907269239,NaN,NaN,NaN,NaN,NaN,NaN,NaN,0,0,0,0,0,0,NaN,0.06,0.4,0,MAT,Gly,C,NaN
-2.02409638554217,-2.89497170222029,-0.48784907269239,-0.48784907269239,NaN,NaN,NaN,NaN,NaN,NaN,NaN,0,0,0,0,0,0,NaN,0.06,0.4,0,MAT,Gly,C,NaN
-2.02409638554217,-2.89497170222029,-0.48784907269239,-0.48784907269239,NaN,NaN,NaN,NaN,NaN,NaN,NaN,0,0,0,0,0,0,NaN,0.06,0.4,0,MAT,Gly,C,NaN
-2.02409638554217,-2.89497170222029,-0.48784907269239,-0.48784907269239,NaN,NaN,NaN,NaN,NaN,NaN,NaN,0,0,0,0,0,0,NaN,0.06,0.4,0,MAT,Gly,C,NaN
-2.02409638554217,-2.89497170222029,-0.48784907269239,-0.48784907269239,NaN,NaN,NaN,NaN,NaN,NaN,NaN,0,0,0,0,0,0,NaN,0.06,0.4,0,MAT,Gly,C,NaN
-2.02409638554217,-2.89497170222029,-0.48784907269239,-0.48784907269239,NaN,NaN,NaN,NaN,NaN,NaN,NaN,0,0,0,0,0,0,NaN,0.06,0.4,0,MAT,Gly,C,NaN
-2.02409638554217,-2.89497170222029,-0.48784907269239,-0.48784907269239,NaN,NaN,NaN,NaN,NaN,NaN,NaN,0,0,0,0,0,0,NaN,0.06,0.4,0,MAT,Gly,C,NaN
-2.02409638554217,-2.89497170222029,-0.48784907269239,-0.48784907269239,NaN,NaN,NaN,NaN,NaN,NaN,NaN,0,0,0,0,0,0,NaN,0.06,0.4,0,MAT,Gly,C,NaN
-2.02409638554217,-2.89497170222029,-0.48784907269239,-0.48784907269239,NaN,NaN,NaN,NaN,NaN,NaN,NaN,0,0,0,0,0,0,NaN,0.06,0.4,0,MAT,Gly,C,NaN
-2.02409638554217,-2.89497170222029,-0.48784907269239,-0.48784907269239,NaN,NaN,NaN,NaN,NaN,NaN,NaN,0,0,0,0,0,0,NaN,0.06,0.4,0,MAT,Gly,C,NaN
8.04406196213425,3.7695472355246,2.02811767213814,3.11769345555319,NaN,NaN,NaN,NaN,NaN,NaN,NaN,NaN,NaN,0,0,0,0,NaN,0.06,0.4,0,MAT,Gly,C,NaN
-2.02409638554217,-2.89497170222029,-0.48784907269239,-0.48784907269239,NaN,NaN,NaN,NaN,NaN,NaN,NaN,0,0,0,0,0,0,NaN,0.06,0.4,0,MAT,Gly,C,NaN
-2.02409638554217,-2.89497170222029,-0.48784907269239,-0.48784907269239,NaN,NaN,NaN,NaN,NaN,NaN,NaN,0,0,0,0,0,0,NaN,0.06,0.4,0,MAT,Gly,C,NaN
-2.02409638554217,-2.89497170222029,-0.48784907269239,-0.48784907269239,NaN,NaN,NaN,NaN,NaN,NaN,NaN,0,0,0,0,0,0,NaN,0.06,0.4,0,MAT,Gly,C,NaN
-2.02409638554217,-2.89497170222029,-0.48784907269239,-0.48784907269239,NaN,NaN,NaN,NaN,NaN,NaN,NaN,0,0,0,0,0,0,NaN,0.06,0.4,0,MAT,Gly,C,NaN
-2.02409638554217,-2.89497170222029,-0.48784907269239,-0.48784907269239,NaN,NaN,NaN,NaN,NaN,NaN,NaN,0,0,0,0,0,0,NaN,0.06,0.4,0,MAT,Gly,C,NaN
-2.02409638554217,-2.89497170222029,-0.48784907269239,-0.48784907269239,NaN,NaN,NaN,NaN,NaN,NaN,NaN,0,0,0,0,0,0,NaN,0.06,0.4,0,MAT,Gly,C,NaN
-2.02409638554217,-2.89497170222029,-0.48784907269239,-0.48784907269239,NaN,NaN,NaN,NaN,NaN,NaN,NaN,0,0,0,0,0,0,NaN,0.06,0.4,0,MAT,Gly,C,NaN
-2.02409638554217,-2.89497170222029,-0.48784907269239,-0.48784907269239,NaN,NaN,NaN,NaN,NaN,NaN,NaN,0,0,0,0,0,0,NaN,0.06,0.4,0,MAT,Gly,C,NaN
-2.02409638554217,-2.89497170222029,-0.48784907269239,-0.48784907269239,NaN,NaN,NaN,NaN,NaN,NaN,NaN,0,0,0,0,0,0,NaN,0.06,0.4,0,MAT,Gly,C,NaN
-2.02409638554217,-2.89497170222029,-0.48784907269239,-0.48784907269239,NaN,NaN,NaN,NaN,NaN,NaN,NaN,0,0,0,0,0,0,NaN,0.06,0.4,0,MAT,Gly,C,NaN
-2.02409638554217,-2.89497170222029,-0.48784907269239,-0.48784907269239,NaN,NaN,NaN,NaN,NaN,NaN,NaN,0,0,0,0,0,0,NaN,0.06,0.4,0,MAT,Gly,C,NaN
-2.02409638554217,-2.89497170222029,-0.48784907269239,-0.48784907269239,NaN,NaN,NaN,NaN,NaN,NaN,NaN,0,0,0,0,0,0,NaN,0.06,0.4,0,MAT,Gly,C,NaN
6.25955249569707,5.3260121898128,1.19921125559582,1.80317629503304,NaN,NaN,NaN,NaN,NaN,NaN,NaN,1761500,536440,1.7472,1,0,0,1,0.06,0.4,0,MAT,Gly,C,NaN
21.4388984509466,8.82553330430997,2.30200383713494,2.95278192283095,NaN,NaN,NaN,NaN,NaN,NaN,NaN,2807900,395150,1.365584,1,0,0,1,0.06,0.4,0,MAT,Gly,C,NaN
-2.02409638554217,-2.89497170222029,-0.48784907269239,-0.48784907269239,NaN,NaN,NaN,NaN,NaN,NaN,NaN,0,0,0,0,0,0,NaN,0.06,0.4,0,MAT,Gly,C,NaN
15.4024096385542,5.77424902046147,2.4176295033042,2.9952462161586,NaN,NaN,NaN,NaN,NaN,NaN,NaN,2265700,567840,1.392416,1,0,0,1,0.06,0.4,0,MAT,Gly,C,NaN
-2.02409638554217,-2.89497170222029,-0.48784907269239,-0.48784907269239,NaN,NaN,NaN,NaN,NaN,NaN,NaN,0,0,0,0,0,0,NaN,0.06,0.4,0,MAT,Gly,C,NaN
31.3528399311532,12.6649760557249,2.54144105734385,3.2469622681731,NaN,NaN,NaN,NaN,NaN,NaN,NaN,2139600,132010,9.34896,2,0,0,3,0.06,0.4,0,MAT,Gly,C,NaN
-2.02409638554217,-2.89497170222029,-0.48784907269239,-0.48784907269239,NaN,NaN,NaN,NaN,NaN,NaN,NaN,0,0,0,0,0,0,NaN,0.06,0.4,0,MAT,Gly,C,NaN
-2.02409638554217,-2.89497170222029,-0.48784907269239,-0.48784907269239,NaN,NaN,NaN,NaN,NaN,NaN,NaN,0,0,0,0,0,0,NaN,0.06,0.4,0,MAT,Gly,C,NaN
-2.02409638554217,-2.89497170222029,-0.48784907269239,-0.48784907269239,NaN,NaN,NaN,NaN,NaN,NaN,NaN,0,0,0,0,0,0,NaN,0.06,0.4,0,MAT,Gly,C,NaN
-2.02409638554217,-2.89497170222029,-0.48784907269239,-0.48784907269239,NaN,NaN,NaN,NaN,NaN,NaN,NaN,0,0,0,0,0,0,NaN,0.06,0.4,0,MAT,Gly,C,NaN
-2.02409638554217,-2.89497170222029,-0.48784907269239,-0.48784907269239,NaN,NaN,NaN,NaN,NaN,NaN,NaN,0,0,0,0,0,0,NaN,0.06,0.4,0,MAT,Gly,C,NaN
-2.02409638554217,-2.89497170222029,-0.48784907269239,-0.48784907269239,NaN,NaN,NaN,NaN,NaN,NaN,NaN,0,0,0,0,0,0,NaN,0.06,0.4,0,MAT,Gly,C,NaN
-2.02409638554217,-2.89497170222029,-0.48784907269239,-0.48784907269239,NaN,NaN,NaN,NaN,NaN,NaN,NaN,0,0,0,0,0,0,NaN,0.06,0.4,0,MAT,Gly,C,NaN
-2.02409638554217,-2.89497170222029,-0.48784907269239,-0.48784907269239,NaN,NaN,NaN,NaN,NaN,NaN,NaN,0,0,0,0,0,0,NaN,0.06,0.4,0,MAT,Gly,C,NaN
-2.02409638554217,-2.89497170222029,-0.48784907269239,-0.48784907269239,NaN,NaN,NaN,NaN,NaN,NaN,NaN,0,0,0,0,0,0,NaN,0.06,0.4,0,MAT,Gly,C,NaN
20.6457831325301,8.22161515019591,2.73397996162865,3.82781922830953,NaN,NaN,NaN,NaN,NaN,NaN,NaN,NaN,NaN,0,0,0,0,NaN,0.06,0.4,0,MAT,Gly,C,NaN
-2.02409638554217,-2.89497170222029,-0.48784907269239,-0.48784907269239,NaN,NaN,NaN,NaN,NaN,NaN,NaN,0,0,0,0,0,0,NaN,0.06,0.4,0,MAT,Gly,C,NaN
11.3487091222031,3.88900740095777,2.80031976124494,3.94173950117246,NaN,NaN,NaN,NaN,NaN,NaN,NaN,445480,16432,1.108672,1,0,0,1,0.06,0.4,0,MAT,Gly,C,NaN
-2.02409638554217,-2.89497170222029,-0.48784907269239,-0.48784907269239,NaN,NaN,NaN,NaN,NaN,NaN,NaN,0,0,0,0,0,0,NaN,0.06,0.4,0,MAT,Gly,C,NaN
-2.02409638554217,-2.89497170222029,-0.48784907269239,-0.48784907269239,NaN,NaN,NaN,NaN,NaN,NaN,NaN,0,0,0,0,0,0,NaN,0.06,0.4,0,MAT,Gly,C,NaN
-2.02409638554217,-2.89497170222029,-0.48784907269239,-0.48784907269239,NaN,NaN,NaN,NaN,NaN,NaN,NaN,0,0,0,0,0,0,NaN,0.06,0.4,0,MAT,Gly,C,NaN
-2.02409638554217,-2.89497170222029,-0.48784907269239,-0.48784907269239,NaN,NaN,NaN,NaN,NaN,NaN,NaN,0,0,0,0,0,0,NaN,0.06,0.4,0,MAT,Gly,C,NaN
-2.02409638554217,-2.89497170222029,-0.48784907269239,-0.48784907269239,NaN,NaN,NaN,NaN,NaN,NaN,NaN,0,0,0,0,0,0,NaN,0.06,0.4,0,MAT,Gly,C,NaN
-2.02409638554217,-2.89497170222029,-0.48784907269239,-0.48784907269239,NaN,NaN,NaN,NaN,NaN,NaN,NaN,0,0,0,0,0,0,NaN,0.06,0.4,0,MAT,Gly,C,NaN
-2.02409638554217,-2.89497170222029,-0.48784907269239,-0.48784907269239,NaN,NaN,NaN,NaN,NaN,NaN,NaN,0,0,0,0,0,0,NaN,0.06,0.4,0,MAT,Gly,C,NaN
-2.02409638554217,-2.89497170222029,-0.48784907269239,-0.48784907269239,NaN,NaN,NaN,NaN,NaN,NaN,NaN,0,0,0,0,0,0,NaN,0.06,0.4,0,MAT,Gly,C,NaN
-2.02409638554217,-2.89497170222029,-0.48784907269239,-0.48784907269239,NaN,NaN,NaN,NaN,NaN,NaN,NaN,0,0,0,0,0,0,NaN,0.06,0.4,0,MAT,Gly,C,NaN
-2.02409638554217,-2.89497170222029,-0.48784907269239,-0.48784907269239,NaN,NaN,NaN,NaN,NaN,NaN,NaN,0,0,0,0,0,0,NaN,0.06,0.4,0,MAT,Gly,C,NaN
-2.02409638554217,-2.89497170222029,-0.48784907269239,-0.48784907269239,NaN,NaN,NaN,NaN,NaN,NaN,NaN,0,0,0,0,0,0,NaN,0.06,0.4,0,MAT,Gly,C,NaN
-2.02409638554217,-2.89497170222029,-0.48784907269239,-0.48784907269239,NaN,NaN,NaN,NaN,NaN,NaN,NaN,0,0,0,0,0,0,NaN,0.06,0.4,0,MAT,Gly,C,NaN
-2.02409638554217,-2.89497170222029,-0.48784907269239,-0.48784907269239,NaN,NaN,NaN,NaN,NaN,NaN,NaN,0,0,0,0,0,0,NaN,0.06,0.4,0,MAT,Gly,C,NaN
18.7070567986231,7.91512842838485,2.33099552334257,2.97068855254743,NaN,NaN,NaN,NaN,NaN,NaN,NaN,NaN,NaN,0,0,0,0,NaN,0.06,0.4,0,MAT,Gly,C,NaN
-2.02409638554217,-2.89497170222029,-0.48784907269239,-0.48784907269239,NaN,NaN,NaN,NaN,NaN,NaN,NaN,0,0,0,0,0,0,NaN,0.06,0.4,0,MAT,Gly,C,NaN
-2.02409638554217,-2.89497170222029,-0.48784907269239,-0.48784907269239,NaN,NaN,NaN,NaN,NaN,NaN,NaN,0,0,0,0,0,0,NaN,0.06,0.4,0,MAT,Gly,C,NaN
10.2030981067126,3.84651719634306,2.51637177574078,3.21473033468344,NaN,NaN,NaN,NaN,NaN,NaN,NaN,NaN,NaN,0,0,0,0,NaN,0.06,0.4,0,MAT,Gly,C,NaN
19.1476764199656,6.73689595124075,2.76689405244084,3.47173310594756,NaN,NaN,NaN,NaN,NaN,NaN,NaN,815860,72314,1.538304,1,0,0,1,0.06,0.4,0,MAT,Gly,C,NaN
-2.02409638554217,-2.89497170222029,-0.48784907269239,-0.48784907269239,NaN,NaN,NaN,NaN,NaN,NaN,NaN,0,0,0,0,0,0,NaN,0.06,0.4,0,MAT,Gly,C,NaN
-2.02409638554217,-2.89497170222029,-0.48784907269239,-0.48784907269239,NaN,NaN,NaN,NaN,NaN,NaN,NaN,0,0,0,0,0,0,NaN,0.06,0.4,0,MAT,Gly,C,NaN
-2.02409638554217,-2.89497170222029,-0.48784907269239,-0.48784907269239,NaN,NaN,NaN,NaN,NaN,NaN,NaN,0,0,0,0,0,0,NaN,0.06,0.4,0,MAT,Gly,C,NaN
27.2110154905336,9.35021767522856,2.92140268599446,3.48571733105948,NaN,NaN,NaN,NaN,NaN,NaN,NaN,NaN,NaN,0,0,0,0,NaN,0.06,0.4,0,MAT,Gly,C,NaN
-2.02409638554217,-2.89497170222029,-0.48784907269239,-0.48784907269239,NaN,NaN,NaN,NaN,NaN,NaN,NaN,0,0,0,0,0,0,NaN,0.06,0.4,0,MAT,Gly,C,NaN
16.8123924268503,7.55587723117109,2.23259432956726,3.06056277979109,NaN,NaN,NaN,NaN,NaN,NaN,NaN,NaN,NaN,0,0,0,0,NaN,0.06,0.4,0,MAT,Gly,C,NaN
-2.02409638554217,-2.89497170222029,-0.48784907269239,-0.48784907269239,NaN,NaN,NaN,NaN,NaN,NaN,NaN,0,0,0,0,0,0,NaN,0.06,0.4,0,MAT,Gly,C,NaN
10.8640275387263,3.92592511972138,2.24521424003411,2.94630142826689,NaN,NaN,NaN,NaN,NaN,NaN,NaN,NaN,NaN,0,0,0,0,NaN,0.06,0.4,0,MAT,Gly,C,NaN
-2.02409638554217,-2.89497170222029,-0.48784907269239,-0.48784907269239,NaN,NaN,NaN,NaN,NaN,NaN,NaN,0,0,0,0,0,0,NaN,0.06,0.4,0,MAT,Gly,C,NaN
-2.02409638554217,-2.89497170222029,-0.48784907269239,-0.48784907269239,NaN,NaN,NaN,NaN,NaN,NaN,NaN,0,0,0,0,0,0,NaN,0.06,0.4,0,MAT,Gly,C,NaN
-2.02409638554217,-2.89497170222029,-0.48784907269239,-0.48784907269239,NaN,NaN,NaN,NaN,NaN,NaN,NaN,0,0,0,0,0,0,NaN,0.06,0.4,0,MAT,Gly,C,NaN
23.8182444061962,10.1927078798433,2.53854188872309,3.63920272862929,NaN,NaN,NaN,NaN,NaN,NaN,NaN,NaN,NaN,0,0,0,0,NaN,0.06,0.4,0,MAT,Gly,C,NaN
-2.02409638554217,-2.89497170222029,-0.48784907269239,-0.48784907269239,NaN,NaN,NaN,NaN,NaN,NaN,NaN,0,0,0,0,0,0,NaN,0.06,0.4,0,MAT,Gly,C,NaN
-2.02409638554217,-2.89497170222029,-0.48784907269239,-0.48784907269239,NaN,NaN,NaN,NaN,NaN,NaN,NaN,0,0,0,0,0,0,NaN,0.06,0.4,0,MAT,Gly,C,NaN
-2.02409638554217,-2.89497170222029,-0.48784907269239,-0.48784907269239,NaN,NaN,NaN,NaN,NaN,NaN,NaN,0,0,0,0,0,0,NaN,0.06,0.4,0,MAT,Gly,C,NaN
-2.02409638554217,-2.89497170222029,-0.48784907269239,-0.48784907269239,NaN,NaN,NaN,NaN,NaN,NaN,NaN,0,0,0,0,0,0,NaN,0.06,0.4,0,MAT,Gly,C,NaN
-2.02409638554217,-2.89497170222029,-0.48784907269239,-0.48784907269239,NaN,NaN,NaN,NaN,NaN,NaN,NaN,0,0,0,0,0,0,NaN,0.06,0.4,0,MAT,Gly,C,NaN
-2.02409638554217,-2.89497170222029,-0.48784907269239,-0.48784907269239,NaN,NaN,NaN,NaN,NaN,NaN,NaN,0,0,0,0,0,0,NaN,0.06,0.4,0,MAT,Gly,C,NaN
17.8037865748709,5.8064649542882,2.66968663397996,3.61583884033255,NaN,NaN,NaN,NaN,NaN,NaN,NaN,NaN,NaN,0,0,0,0,NaN,0.06,0.4,0,MAT,Gly,C,NaN
-2.02409638554217,-2.89497170222029,-0.48784907269239,-0.48784907269239,NaN,NaN,NaN,NaN,NaN,NaN,NaN,0,0,0,0,0,0,NaN,0.06,0.4,0,MAT,Gly,C,NaN
-2.02409638554217,-2.89497170222029,-0.48784907269239,-0.48784907269239,NaN,NaN,NaN,NaN,NaN,NaN,NaN,0,0,0,0,0,0,NaN,0.06,0.4,0,MAT,Gly,C,NaN
-2.02409638554217,-2.89497170222029,-0.48784907269239,-0.48784907269239,NaN,NaN,NaN,NaN,NaN,NaN,NaN,0,0,0,0,0,0,NaN,0.06,0.4,0,MAT,Gly,C,NaN
-2.02409638554217,-2.89497170222029,-0.48784907269239,-0.48784907269239,NaN,NaN,NaN,NaN,NaN,NaN,NaN,0,0,0,0,0,0,NaN,0.06,0.4,0,MAT,Gly,C,NaN
-2.02409638554217,-2.89497170222029,-0.48784907269239,-0.48784907269239,NaN,NaN,NaN,NaN,NaN,NaN,NaN,0,0,0,0,0,0,NaN,0.06,0.4,0,MAT,Gly,C,NaN
-2.02409638554217,-2.89497170222029,-0.48784907269239,-0.48784907269239,NaN,NaN,NaN,NaN,NaN,NaN,NaN,0,0,0,0,0,0,NaN,0.06,0.4,0,MAT,Gly,C,NaN
-2.02409638554217,-2.89497170222029,-0.48784907269239,-0.48784907269239,NaN,NaN,NaN,NaN,NaN,NaN,NaN,0,0,0,0,0,0,NaN,0.06,0.4,0,MAT,Gly,C,NaN
-2.02409638554217,-2.89497170222029,-0.48784907269239,-0.48784907269239,NaN,NaN,NaN,NaN,NaN,NaN,NaN,0,0,0,0,0,0,NaN,0.06,0.4,0,MAT,Gly,C,NaN
-2.02409638554217,-2.89497170222029,-0.48784907269239,-0.48784907269239,NaN,NaN,NaN,NaN,NaN,NaN,NaN,0,0,0,0,0,0,NaN,0.06,0.4,0,MAT,Gly,C,NaN
-2.02409638554217,-2.89497170222029,-0.48784907269239,-0.48784907269239,NaN,NaN,NaN,NaN,NaN,NaN,NaN,0,0,0,0,0,0,NaN,0.06,0.4,0,MAT,Gly,C,NaN
-2.02409638554217,-2.89497170222029,-0.48784907269239,-0.48784907269239,NaN,NaN,NaN,NaN,NaN,NaN,NaN,0,0,0,0,0,0,NaN,0.06,0.4,0,MAT,Gly,C,NaN
-2.02409638554217,-2.89497170222029,-0.48784907269239,-0.48784907269239,NaN,NaN,NaN,NaN,NaN,NaN,NaN,0,0,0,0,0,0,NaN,0.06,0.4,0,MAT,Gly,C,NaN
10.0929432013769,3.19087940792338,2.39784694095076,3.21046685141761,NaN,NaN,NaN,NaN,NaN,NaN,NaN,2867500,820860,1.67968,1,0,0,1,0.06,0.4,0,MAT,Gly,C,NaN
-2.02409638554217,-2.89497170222029,-0.48784907269239,-0.48784907269239,NaN,NaN,NaN,NaN,NaN,NaN,NaN,0,0,0,0,0,0,NaN,0.06,0.4,0,MAT,Gly,C,NaN
-2.02409638554217,-2.89497170222029,-0.48784907269239,-0.48784907269239,NaN,NaN,NaN,NaN,NaN,NaN,NaN,0,0,0,0,0,0,NaN,0.06,0.4,0,MAT,Gly,C,NaN
-2.02409638554217,-2.89497170222029,-0.48784907269239,-0.48784907269239,NaN,NaN,NaN,NaN,NaN,NaN,NaN,0,0,0,0,0,0,NaN,0.06,0.4,0,MAT,Gly,C,NaN
-2.02409638554217,-2.89497170222029,-0.48784907269239,-0.48784907269239,NaN,NaN,NaN,NaN,NaN,NaN,NaN,0,0,0,0,0,0,NaN,0.06,0.4,0,MAT,Gly,C,NaN
-2.02409638554217,-2.89497170222029,-0.48784907269239,-0.48784907269239,NaN,NaN,NaN,NaN,NaN,NaN,NaN,0,0,0,0,0,0,NaN,0.06,0.4,0,MAT,Gly,C,NaN
-2.02409638554217,-2.89497170222029,-0.48784907269239,-0.48784907269239,NaN,NaN,NaN,NaN,NaN,NaN,NaN,0,0,0,0,0,0,NaN,0.06,0.4,0,MAT,Gly,C,NaN
-2.02409638554217,-2.89497170222029,-0.48784907269239,-0.48784907269239,NaN,NaN,NaN,NaN,NaN,NaN,NaN,0,0,0,0,0,0,NaN,0.06,0.4,0,MAT,Gly,C,NaN
12.3621342512909,5.01743578580758,2.2261138350032,3.12315071413345,NaN,NaN,NaN,NaN,NaN,NaN,NaN,NaN,NaN,0,0,0,0,NaN,0.06,0.4,0,MAT,Gly,C,NaN
-2.02409638554217,-2.89497170222029,-0.48784907269239,-0.48784907269239,NaN,NaN,NaN,NaN,NaN,NaN,NaN,0,0,0,0,0,0,NaN,0.06,0.4,0,MAT,Gly,C,NaN
-2.02409638554217,-2.89497170222029,-0.48784907269239,-0.48784907269239,NaN,NaN,NaN,NaN,NaN,NaN,NaN,0,0,0,0,0,0,NaN,0.06,0.4,0,MAT,Gly,C,NaN
-2.02409638554217,-2.89497170222029,-0.48784907269239,-0.48784907269239,NaN,NaN,NaN,NaN,NaN,NaN,NaN,0,0,0,0,0,0,NaN,0.06,0.4,0,MAT,Gly,C,NaN
-2.02409638554217,-2.89497170222029,-0.48784907269239,-0.48784907269239,NaN,NaN,NaN,NaN,NaN,NaN,NaN,0,0,0,0,0,0,NaN,0.06,0.4,0,MAT,Gly,C,NaN
-2.02409638554217,-2.89497170222029,-0.48784907269239,-0.48784907269239,NaN,NaN,NaN,NaN,NaN,NaN,NaN,0,0,0,0,0,0,NaN,0.06,0.4,0,MAT,Gly,C,NaN
-2.02409638554217,-2.89497170222029,-0.48784907269239,-0.48784907269239,NaN,NaN,NaN,NaN,NaN,NaN,NaN,0,0,0,0,0,0,NaN,0.06,0.4,0,MAT,Gly,C,NaN
-2.02409638554217,-2.89497170222029,-0.48784907269239,-0.48784907269239,NaN,NaN,NaN,NaN,NaN,NaN,NaN,0,0,0,0,0,0,NaN,0.06,0.4,0,MAT,Gly,C,NaN
-2.02409638554217,-2.89497170222029,-0.48784907269239,-0.48784907269239,NaN,NaN,NaN,NaN,NaN,NaN,NaN,0,0,0,0,0,0,NaN,0.06,0.4,0,MAT,Gly,C,NaN
-2.02409638554217,-2.89497170222029,-0.48784907269239,-0.48784907269239,NaN,NaN,NaN,NaN,NaN,NaN,NaN,0,0,0,0,0,0,NaN,0.06,0.4,0,MAT,Gly,C,NaN
-2.02409638554217,-2.89497170222029,-0.48784907269239,-0.48784907269239,NaN,NaN,NaN,NaN,NaN,NaN,NaN,0,0,0,0,0,0,NaN,0.06,0.4,0,MAT,Gly,C,NaN
17.9359724612737,6.50772747061385,2.8006608399062,3.51027499467065,NaN,NaN,NaN,NaN,NaN,NaN,NaN,3211200,557250,1.416464,1,0,0,1,0.06,0.4,0,MAT,Gly,C,NaN
-2.02409638554217,-2.89497170222029,-0.48784907269239,-0.48784907269239,NaN,NaN,NaN,NaN,NaN,NaN,NaN,0,0,0,0,0,0,NaN,0.06,0.4,0,MAT,Gly,C,NaN
-2.02409638554217,-2.89497170222029,-0.48784907269239,-0.48784907269239,NaN,NaN,NaN,NaN,NaN,NaN,NaN,0,0,0,0,0,0,NaN,0.06,0.4,0,MAT,Gly,C,NaN
-2.02409638554217,-2.89497170222029,-0.48784907269239,-0.48784907269239,NaN,NaN,NaN,NaN,NaN,NaN,NaN,0,0,0,0,0,0,NaN,0.06,0.4,0,MAT,Gly,C,NaN
24.5012048192771,9.44669133652591,2.49914730334683,3.76318482199957,NaN,NaN,NaN,NaN,NaN,NaN,NaN,2021000,290590,1.320448,1,0,1,2,0.06,0.4,0,MAT,Gly,C,NaN
-2.02409638554217,-2.89497170222029,-0.48784907269239,-0.48784907269239,NaN,NaN,NaN,NaN,NaN,NaN,NaN,0,0,0,0,0,0,NaN,0.06,0.4,0,MAT,Gly,C,NaN
-2.02409638554217,-2.89497170222029,-0.48784907269239,-0.48784907269239,NaN,NaN,NaN,NaN,NaN,NaN,NaN,0,0,0,0,0,0,NaN,0.06,0.4,0,MAT,Gly,C,NaN
-2.02409638554217,-2.89497170222029,-0.48784907269239,-0.48784907269239,NaN,NaN,NaN,NaN,NaN,NaN,NaN,0,0,0,0,0,0,NaN,0.06,0.4,0,MAT,Gly,C,NaN
-2.02409638554217,-2.89497170222029,-0.48784907269239,-0.48784907269239,NaN,NaN,NaN,NaN,NaN,NaN,NaN,0,0,0,0,0,0,NaN,0.06,0.4,0,MAT,Gly,C,NaN
17.4512908777969,6.12479320853287,2.56975058622895,3.61924962694521,NaN,NaN,NaN,NaN,NaN,NaN,NaN,1438100,212800,1.258016,1,0,0,1,0.06,0.4,0,MAT,Gly,C,NaN
-2.02409638554217,-2.89497170222029,-0.48784907269239,-0.48784907269239,NaN,NaN,NaN,NaN,NaN,NaN,NaN,0,0,0,0,0,0,NaN,0.06,0.4,0,MAT,Gly,C,NaN
-2.02409638554217,-2.89497170222029,-0.48784907269239,-0.48784907269239,NaN,NaN,NaN,NaN,NaN,NaN,NaN,0,0,0,0,0,0,NaN,0.06,0.4,0,MAT,Gly,C,NaN
22.5404475043029,7.61090552895081,2.87535706672351,3.47565551055212,NaN,NaN,NaN,NaN,NaN,NaN,NaN,1616200,240180,1.456976,1,0,0,1,0.06,0.4,0,MAT,Gly,C,NaN
-2.02409638554217,-2.89497170222029,-0.48784907269239,-0.48784907269239,NaN,NaN,NaN,NaN,NaN,NaN,NaN,0,0,0,0,0,0,NaN,0.06,0.4,0,MAT,Gly,C,NaN
-2.02409638554217,-2.89497170222029,-0.48784907269239,-0.48784907269239,NaN,NaN,NaN,NaN,NaN,NaN,NaN,0,0,0,0,0,0,NaN,0.06,0.4,0,MAT,Gly,C,NaN
15.7328743545611,6.25574662603396,2.63455553186954,3.9079727137071,NaN,NaN,NaN,NaN,NaN,NaN,NaN,NaN,NaN,0,0,0,0,NaN,0.06,0.4,0,MAT,Gly,C,NaN
-2.02409638554217,-2.89497170222029,-0.48784907269239,-0.48784907269239,NaN,NaN,NaN,NaN,NaN,NaN,NaN,0,0,0,0,0,0,NaN,0.06,0.4,0,MAT,Gly,C,NaN
-2.02409638554217,-2.89497170222029,-0.48784907269239,-0.48784907269239,NaN,NaN,NaN,NaN,NaN,NaN,NaN,0,0,0,0,0,0,NaN,0.06,0.4,0,MAT,Gly,C,NaN
22.8488812392427,8.80359164127122,2.52745683223193,3.42722234065231,NaN,NaN,NaN,NaN,NaN,NaN,NaN,NaN,NaN,0,0,0,0,NaN,0.06,0.4,0,MAT,Gly,C,NaN
12.1418244406196,5.15587723117109,2.14510765295246,2.64035386911106,NaN,NaN,NaN,NaN,NaN,NaN,NaN,NaN,NaN,0,0,0,0,NaN,0.06,0.4,0,MAT,Gly,C,NaN
-2.02409638554217,-2.89497170222029,-0.48784907269239,-0.48784907269239,NaN,NaN,NaN,NaN,NaN,NaN,NaN,0,0,0,0,0,0,NaN,0.06,0.4,0,MAT,Gly,C,NaN
-2.02409638554217,-2.89497170222029,-0.48784907269239,-0.48784907269239,NaN,NaN,NaN,NaN,NaN,NaN,NaN,0,0,0,0,0,0,NaN,0.06,0.4,0,MAT,Gly,C,NaN
-2.02409638554217,-2.89497170222029,-0.48784907269239,-0.48784907269239,NaN,NaN,NaN,NaN,NaN,NaN,NaN,0,0,0,0,0,0,NaN,0.06,0.4,0,MAT,Gly,C,NaN
25.536660929432,10.2761210274271,2.80287785120443,4.15985930505223,NaN,NaN,NaN,NaN,NaN,NaN,NaN,NaN,NaN,0,0,0,0,NaN,0.06,0.4,0,MAT,Gly,C,NaN
-2.02409638554217,-2.89497170222029,-0.48784907269239,-0.48784907269239,NaN,NaN,NaN,NaN,NaN,NaN,NaN,0,0,0,0,0,0,NaN,0.06,0.4,0,MAT,Gly,C,NaN
-2.02409638554217,-2.89497170222029,-0.48784907269239,-0.48784907269239,NaN,NaN,NaN,NaN,NaN,NaN,NaN,0,0,0,0,0,0,NaN,0.06,0.4,0,MAT,Gly,C,NaN
-2.02409638554217,-2.89497170222029,-0.48784907269239,-0.48784907269239,NaN,NaN,NaN,NaN,NaN,NaN,NaN,0,0,0,0,0,0,NaN,0.06,0.4,0,MAT,Gly,C,NaN
-2.02409638554217,-2.89497170222029,-0.48784907269239,-0.48784907269239,NaN,NaN,NaN,NaN,NaN,NaN,NaN,0,0,0,0,0,0,NaN,0.06,0.4,0,MAT,Gly,C,NaN
21.2626506024096,11.1860034828037,1.82978043061181,2.79554465998721,NaN,NaN,NaN,NaN,NaN,NaN,NaN,723460,296810,1.380864,1,0,0,1,0.06,0.4,0,MAT,Gly,C,NaN
-2.02409638554217,-2.89497170222029,-0.48784907269239,-0.48784907269239,NaN,NaN,NaN,NaN,NaN,NaN,NaN,0,0,0,0,0,0,NaN,0.06,0.4,0,MAT,Gly,C,NaN
-2.02409638554217,-2.89497170222029,-0.48784907269239,-0.48784907269239,NaN,NaN,NaN,NaN,NaN,NaN,NaN,0,0,0,0,0,0,NaN,0.06,0.4,0,MAT,Gly,C,NaN
-2.02409638554217,-2.89497170222029,-0.48784907269239,-0.48784907269239,NaN,NaN,NaN,NaN,NaN,NaN,NaN,0,0,0,0,0,0,NaN,0.06,0.4,0,MAT,Gly,C,NaN
-2.02409638554217,-2.89497170222029,-0.48784907269239,-0.48784907269239,NaN,NaN,NaN,NaN,NaN,NaN,NaN,0,0,0,0,0,0,NaN,0.06,0.4,0,MAT,Gly,C,NaN
-2.02409638554217,-2.89497170222029,-0.48784907269239,-0.48784907269239,NaN,NaN,NaN,NaN,NaN,NaN,NaN,0,0,0,0,0,0,NaN,0.06,0.4,0,MAT,Gly,C,NaN
11.855421686747,4.41473661297344,2.56480494564059,3.37895971008314,NaN,NaN,NaN,NaN,NaN,NaN,NaN,1180600,152020,1.39448,1,0,0,1,0.06,0.4,0,MAT,Gly,C,NaN
-2.02409638554217,-2.89497170222029,-0.48784907269239,-0.48784907269239,NaN,NaN,NaN,NaN,NaN,NaN,NaN,0,0,0,0,0,0,NaN,0.06,0.4,0,MAT,Gly,C,NaN
-2.02409638554217,-2.89497170222029,-0.48784907269239,-0.48784907269239,NaN,NaN,NaN,NaN,NaN,NaN,NaN,0,0,0,0,0,0,NaN,0.06,0.4,0,MAT,Gly,C,NaN
13.0230636833046,4.92879843273835,2.55030910253677,3.3020464719676,NaN,NaN,NaN,NaN,NaN,NaN,NaN,1768400,229720,1.537264,1,0,0,1,0.06,0.4,0,MAT,Gly,C,NaN
-2.02409638554217,-2.89497170222029,-0.48784907269239,-0.48784907269239,NaN,NaN,NaN,NaN,NaN,NaN,NaN,0,0,0,0,0,0,NaN,0.06,0.4,0,MAT,Gly,C,NaN
-2.02409638554217,-2.89497170222029,-0.48784907269239,-0.48784907269239,NaN,NaN,NaN,NaN,NaN,NaN,NaN,0,0,0,0,0,0,NaN,0.06,0.4,0,MAT,Gly,C,NaN
19.7204819277108,7.46985198084458,2.40756768279685,3.04146237476018,NaN,NaN,NaN,NaN,NaN,NaN,NaN,NaN,NaN,0,0,0,0,NaN,0.06,0.4,0,MAT,Gly,C,NaN
-2.02409638554217,-2.89497170222029,-0.48784907269239,-0.48784907269239,NaN,NaN,NaN,NaN,NaN,NaN,NaN,0,0,0,0,0,0,NaN,0.06,0.4,0,MAT,Gly,C,NaN
-2.02409638554217,-2.89497170222029,-0.48784907269239,-0.48784907269239,NaN,NaN,NaN,NaN,NaN,NaN,NaN,0,0,0,0,0,0,NaN,0.06,0.4,0,MAT,Gly,C,NaN
-2.02409638554217,-2.89497170222029,-0.48784907269239,-0.48784907269239,NaN,NaN,NaN,NaN,NaN,NaN,NaN,0,0,0,0,0,0,NaN,0.06,0.4,0,MAT,Gly,C,NaN
-2.02409638554217,-2.89497170222029,-0.48784907269239,-0.48784907269239,NaN,NaN,NaN,NaN,NaN,NaN,NaN,0,0,0,0,0,0,NaN,0.06,0.4,0,MAT,Gly,C,NaN
-2.02409638554217,-2.89497170222029,-0.48784907269239,-0.48784907269239,NaN,NaN,NaN,NaN,NaN,NaN,NaN,0,0,0,0,0,0,NaN,0.06,0.4,0,MAT,Gly,C,NaN
-2.02409638554217,-2.89497170222029,-0.48784907269239,-0.48784907269239,NaN,NaN,NaN,NaN,NaN,NaN,NaN,0,0,0,0,0,0,NaN,0.06,0.4,0,MAT,Gly,C,NaN
-2.02409638554217,-2.89497170222029,-0.48784907269239,-0.48784907269239,NaN,NaN,NaN,NaN,NaN,NaN,NaN,0,0,0,0,0,0,NaN,0.06,0.4,0,MAT,Gly,C,NaN
-2.02409638554217,-2.89497170222029,-0.48784907269239,-0.48784907269239,NaN,NaN,NaN,NaN,NaN,NaN,NaN,0,0,0,0,0,0,NaN,0.06,0.4,0,MAT,Gly,C,NaN
-2.02409638554217,-2.89497170222029,-0.48784907269239,-0.48784907269239,NaN,NaN,NaN,NaN,NaN,NaN,NaN,0,0,0,0,0,0,NaN,0.06,0.4,0,MAT,Gly,C,NaN
22.1438898450947,8.16902481497606,2.71283308463014,3.64210189725005,NaN,NaN,NaN,NaN,NaN,NaN,NaN,NaN,NaN,0,0,0,0,NaN,0.06,0.4,0,MAT,Gly,C,NaN
14.8956970740103,5.78278188942098,2.49062033681518,3.22052867192496,NaN,NaN,NaN,NaN,NaN,NaN,NaN,NaN,NaN,0,0,0,0,NaN,0.06,0.4,0,MAT,Gly,C,NaN
-2.02409638554217,-2.89497170222029,-0.48784907269239,-0.48784907269239,NaN,NaN,NaN,NaN,NaN,NaN,NaN,0,0,0,0,0,0,NaN,0.06,0.4,0,MAT,Gly,C,NaN
-2.02409638554217,-2.89497170222029,-0.48784907269239,-0.48784907269239,NaN,NaN,NaN,NaN,NaN,NaN,NaN,0,0,0,0,0,0,NaN,0.06,0.4,0,MAT,Gly,C,NaN
-2.02409638554217,-2.89497170222029,-0.48784907269239,-0.48784907269239,NaN,NaN,NaN,NaN,NaN,NaN,NaN,0,0,0,0,0,0,NaN,0.06,0.4,0,MAT,Gly,C,NaN
-2.02409638554217,-2.89497170222029,-0.48784907269239,-0.48784907269239,NaN,NaN,NaN,NaN,NaN,NaN,NaN,0,0,0,0,0,0,NaN,0.06,0.4,0,MAT,Gly,C,NaN
18.6629948364888,7.68125816282107,2.69680238755063,3.3520144958431,NaN,NaN,NaN,NaN,NaN,NaN,NaN,801110,49542,3.83136,2,1,0,4,0.06,0.4,0,MAT,Gly,C,NaN
-2.02409638554217,-2.89497170222029,-0.48784907269239,-0.48784907269239,NaN,NaN,NaN,NaN,NaN,NaN,NaN,0,0,0,0,0,0,NaN,0.06,0.4,0,MAT,Gly,C,NaN
-2.02409638554217,-2.89497170222029,-0.48784907269239,-0.48784907269239,NaN,NaN,NaN,NaN,NaN,NaN,NaN,0,0,0,0,0,0,NaN,0.06,0.4,0,MAT,Gly,C,NaN
-2.02409638554217,-2.89497170222029,-0.48784907269239,-0.48784907269239,NaN,NaN,NaN,NaN,NaN,NaN,NaN,0,0,0,0,0,0,NaN,0.06,0.4,0,MAT,Gly,C,NaN
20.095008605852,7.39497170222029,2.65280324024728,3.30750373054786,NaN,NaN,NaN,NaN,NaN,NaN,NaN,1180300,172060,1.361568,1,0,0,1,0.06,0.4,0,MAT,Gly,C,NaN
-2.02409638554217,-2.89497170222029,-0.48784907269239,-0.48784907269239,NaN,NaN,NaN,NaN,NaN,NaN,NaN,0,0,0,0,0,0,NaN,0.06,0.4,0,MAT,Gly,C,NaN
-2.02409638554217,-2.89497170222029,-0.48784907269239,-0.48784907269239,NaN,NaN,NaN,NaN,NaN,NaN,NaN,0,0,0,0,0,0,NaN,0.06,0.4,0,MAT,Gly,C,NaN
-2.02409638554217,-2.89497170222029,-0.48784907269239,-0.48784907269239,NaN,NaN,NaN,NaN,NaN,NaN,NaN,0,0,0,0,0,0,NaN,0.06,0.4,0,MAT,Gly,C,NaN
-2.02409638554217,-2.89497170222029,-0.48784907269239,-0.48784907269239,NaN,NaN,NaN,NaN,NaN,NaN,NaN,0,0,0,0,0,0,NaN,0.06,0.4,0,MAT,Gly,C,NaN
23.0030981067126,7.82840661732695,2.74745256874867,3.58445960349606,NaN,NaN,NaN,NaN,NaN,NaN,NaN,NaN,NaN,0,0,0,0,NaN,0.06,0.4,0,MAT,Gly,C,NaN
10.9962134251291,4.61830648672181,2.38863781709657,3.1038797697719,NaN,NaN,NaN,NaN,NaN,NaN,NaN,956640,147170,1.346688,1,0,0,1,0.06,0.4,0,MAT,Gly,C,NaN
-2.02409638554217,-2.89497170222029,-0.48784907269239,-0.48784907269239,NaN,NaN,NaN,NaN,NaN,NaN,NaN,0,0,0,0,0,0,NaN,0.06,0.4,0,MAT,Gly,C,NaN
-2.02409638554217,-2.89497170222029,-0.48784907269239,-0.48784907269239,NaN,NaN,NaN,NaN,NaN,NaN,NaN,0,0,0,0,0,0,NaN,0.06,0.4,0,MAT,Gly,C,NaN
-2.02409638554217,-2.89497170222029,-0.48784907269239,-0.48784907269239,NaN,NaN,NaN,NaN,NaN,NaN,NaN,0,0,0,0,0,0,NaN,0.06,0.4,0,MAT,Gly,C,NaN
-2.02409638554217,-2.89497170222029,-0.48784907269239,-0.48784907269239,NaN,NaN,NaN,NaN,NaN,NaN,NaN,0,0,0,0,0,0,NaN,0.06,0.4,0,MAT,Gly,C,NaN
-2.02409638554217,-2.89497170222029,-0.48784907269239,-0.48784907269239,NaN,NaN,NaN,NaN,NaN,NaN,NaN,0,0,0,0,0,0,NaN,0.06,0.4,0,MAT,Gly,C,NaN
-2.02409638554217,-2.89497170222029,-0.48784907269239,-0.48784907269239,NaN,NaN,NaN,NaN,NaN,NaN,NaN,0,0,0,0,0,0,NaN,0.06,0.4,0,MAT,Gly,C,NaN
-2.02409638554217,-2.89497170222029,-0.48784907269239,-0.48784907269239,NaN,NaN,NaN,NaN,NaN,NaN,NaN,0,0,0,0,0,0,NaN,0.06,0.4,0,MAT,Gly,C,NaN
-2.02409638554217,-2.89497170222029,-0.48784907269239,-0.48784907269239,NaN,NaN,NaN,NaN,NaN,NaN,NaN,0,0,0,0,0,0,NaN,0.06,0.4,0,MAT,Gly,C,NaN
14.3228915662651,5.33088811493252,2.66508207205287,3.63596248134726,NaN,NaN,NaN,NaN,NaN,NaN,NaN,1095300,139080,1.37624,1,0,0,1,0.06,0.4,0,MAT,Gly,C,NaN
-2.02409638554217,-2.89497170222029,-0.48784907269239,-0.48784907269239,NaN,NaN,NaN,NaN,NaN,NaN,NaN,0,0,0,0,0,0,NaN,0.06,0.4,0,MAT,Gly,C,NaN
24.7215146299484,9.50764040052242,2.81907908761458,3.683031336602,NaN,NaN,NaN,NaN,NaN,NaN,NaN,NaN,NaN,0,0,0,0,NaN,0.06,0.4,0,MAT,Gly,C,NaN
10.4895008605852,4.68030039181541,2.06597740353869,2.63131528458751,NaN,NaN,NaN,NaN,NaN,NaN,NaN,NaN,NaN,0,0,0,0,NaN,0.06,0.4,0,MAT,Gly,C,NaN
-2.02409638554217,-2.89497170222029,-0.48784907269239,-0.48784907269239,NaN,NaN,NaN,NaN,NaN,NaN,NaN,0,0,0,0,0,0,NaN,0.06,0.4,0,MAT,Gly,C,NaN
-2.02409638554217,-2.89497170222029,-0.48784907269239,-0.48784907269239,NaN,NaN,NaN,NaN,NaN,NaN,NaN,0,0,0,0,0,0,NaN,0.06,0.4,0,MAT,Gly,C,NaN
-2.02409638554217,-2.89497170222029,-0.48784907269239,-0.48784907269239,NaN,NaN,NaN,NaN,NaN,NaN,NaN,0,0,0,0,0,0,NaN,0.06,0.4,0,MAT,Gly,C,NaN
-2.02409638554217,-2.89497170222029,-0.48784907269239,-0.48784907269239,NaN,NaN,NaN,NaN,NaN,NaN,NaN,0,0,0,0,0,0,NaN,0.06,0.4,0,MAT,Gly,C,NaN
-2.02409638554217,-2.89497170222029,-0.48784907269239,-0.48784907269239,NaN,NaN,NaN,NaN,NaN,NaN,NaN,0,0,0,0,0,0,NaN,0.06,0.4,0,MAT,Gly,C,NaN
-2.02409638554217,-2.89497170222029,-0.48784907269239,-0.48784907269239,NaN,NaN,NaN,NaN,NaN,NaN,NaN,0,0,0,0,0,0,NaN,0.06,0.4,0,MAT,Gly,C,NaN
-2.02409638554217,-2.89497170222029,-0.48784907269239,-0.48784907269239,NaN,NaN,NaN,NaN,NaN,NaN,NaN,0,0,0,0,0,0,NaN,0.06,0.4,0,MAT,Gly,C,NaN
-2.02409638554217,-2.89497170222029,-0.48784907269239,-0.48784907269239,NaN,NaN,NaN,NaN,NaN,NaN,NaN,0,0,0,0,0,0,NaN,0.06,0.4,0,MAT,Gly,C,NaN
-2.02409638554217,-2.89497170222029,-0.48784907269239,-0.48784907269239,NaN,NaN,NaN,NaN,NaN,NaN,NaN,0,0,0,0,0,0,NaN,0.06,0.4,0,MAT,Gly,C,NaN
-2.02409638554217,-2.89497170222029,-0.48784907269239,-0.48784907269239,NaN,NaN,NaN,NaN,NaN,NaN,NaN,0,0,0,0,0,0,NaN,0.06,0.4,0,MAT,Gly,C,NaN
-2.02409638554217,-2.89497170222029,-0.48784907269239,-0.48784907269239,NaN,NaN,NaN,NaN,NaN,NaN,NaN,0,0,0,0,0,0,NaN,0.06,0.4,0,MAT,Gly,C,NaN
-2.02409638554217,-2.89497170222029,-0.48784907269239,-0.48784907269239,NaN,NaN,NaN,NaN,NaN,NaN,NaN,0,0,0,0,0,0,NaN,0.06,0.4,0,MAT,Gly,C,NaN
-2.02409638554217,-2.89497170222029,-0.48784907269239,-0.48784907269239,NaN,NaN,NaN,NaN,NaN,NaN,NaN,0,0,0,0,0,0,NaN,0.06,0.4,0,MAT,Gly,C,NaN
13.8161790017212,4.50163256421419,2.82879982946067,3.67962054998934,NaN,NaN,NaN,NaN,NaN,NaN,NaN,NaN,NaN,0,0,0,0,NaN,0.06,0.4,0,MAT,Gly,C,NaN
-2.02409638554217,-2.89497170222029,-0.48784907269239,-0.48784907269239,NaN,NaN,NaN,NaN,NaN,NaN,NaN,0,0,0,0,0,0,NaN,0.06,0.4,0,MAT,Gly,C,NaN
16.1955249569707,5.84756203744014,2.66081858878704,3.30085269665317,NaN,NaN,NaN,NaN,NaN,NaN,NaN,1842200,323570,1.459584,1,0,0,1,0.06,0.4,0,MAT,Gly,C,NaN
-2.02409638554217,-2.89497170222029,-0.48784907269239,-0.48784907269239,NaN,NaN,NaN,NaN,NaN,NaN,NaN,0,0,0,0,0,0,NaN,0.06,0.4,0,MAT,Gly,C,NaN
-2.02409638554217,-2.89497170222029,-0.48784907269239,-0.48784907269239,NaN,NaN,NaN,NaN,NaN,NaN,NaN,0,0,0,0,0,0,NaN,0.06,0.4,0,MAT,Gly,C,NaN
-2.02409638554217,-2.89497170222029,-0.48784907269239,-0.48784907269239,NaN,NaN,NaN,NaN,NaN,NaN,NaN,0,0,0,0,0,0,NaN,0.06,0.4,0,MAT,Gly,C,NaN
-2.02409638554217,-2.89497170222029,-0.48784907269239,-0.48784907269239,NaN,NaN,NaN,NaN,NaN,NaN,NaN,0,0,0,0,0,0,NaN,0.06,0.4,0,MAT,Gly,C,NaN
-2.02409638554217,-2.89497170222029,-0.48784907269239,-0.48784907269239,NaN,NaN,NaN,NaN,NaN,NaN,NaN,0,0,0,0,0,0,NaN,0.06,0.4,0,MAT,Gly,C,NaN
-2.02409638554217,-2.89497170222029,-0.48784907269239,-0.48784907269239,NaN,NaN,NaN,NaN,NaN,NaN,NaN,0,0,0,0,0,0,NaN,0.06,0.4,0,MAT,Gly,C,NaN
-2.02409638554217,-2.89497170222029,-0.48784907269239,-0.48784907269239,NaN,NaN,NaN,NaN,NaN,NaN,NaN,0,0,0,0,0,0,NaN,0.06,0.4,0,MAT,Gly,C,NaN
-2.02409638554217,-2.89497170222029,-0.48784907269239,-0.48784907269239,NaN,NaN,NaN,NaN,NaN,NaN,NaN,0,0,0,0,0,0,NaN,0.06,0.4,0,MAT,Gly,C,NaN
-2.02409638554217,-2.89497170222029,-0.48784907269239,-0.48784907269239,NaN,NaN,NaN,NaN,NaN,NaN,NaN,0,0,0,0,0,0,NaN,0.06,0.4,0,MAT,Gly,C,NaN
-2.02409638554217,-2.89497170222029,-0.48784907269239,-0.48784907269239,NaN,NaN,NaN,NaN,NaN,NaN,NaN,0,0,0,0,0,0,NaN,0.06,0.4,0,MAT,Gly,C,NaN
-2.02409638554217,-2.89497170222029,-0.48784907269239,-0.48784907269239,NaN,NaN,NaN,NaN,NaN,NaN,NaN,0,0,0,0,0,0,NaN,0.06,0.4,0,MAT,Gly,C,NaN
-2.02409638554217,-2.89497170222029,-0.48784907269239,-0.48784907269239,NaN,NaN,NaN,NaN,NaN,NaN,NaN,0,0,0,0,0,0,NaN,0.06,0.4,0,MAT,Gly,C,NaN
-2.02409638554217,-2.89497170222029,-0.48784907269239,-0.48784907269239,NaN,NaN,NaN,NaN,NaN,NaN,NaN,0,0,0,0,0,0,NaN,0.06,0.4,0,MAT,Gly,C,NaN
-2.02409638554217,-2.89497170222029,-0.48784907269239,-0.48784907269239,NaN,NaN,NaN,NaN,NaN,NaN,NaN,0,0,0,0,0,0,NaN,0.06,0.4,0,MAT,Gly,C,NaN
-2.02409638554217,-2.89497170222029,-0.48784907269239,-0.48784907269239,NaN,NaN,NaN,NaN,NaN,NaN,NaN,0,0,0,0,0,0,NaN,0.06,0.4,0,MAT,Gly,C,NaN
-2.02409638554217,-2.89497170222029,-0.48784907269239,-0.48784907269239,NaN,NaN,NaN,NaN,NaN,NaN,NaN,0,0,0,0,0,0,NaN,0.06,0.4,0,MAT,Gly,C,NaN
-2.02409638554217,-2.89497170222029,-0.48784907269239,-0.48784907269239,NaN,NaN,NaN,NaN,NaN,NaN,NaN,0,0,0,0,0,0,NaN,0.06,0.4,0,MAT,Gly,C,NaN
-2.02409638554217,-2.89497170222029,-0.48784907269239,-0.48784907269239,NaN,NaN,NaN,NaN,NaN,NaN,NaN,0,0,0,0,0,0,NaN,0.06,0.4,0,MAT,Gly,C,NaN
-2.02409638554217,-2.89497170222029,-0.48784907269239,-0.48784907269239,NaN,NaN,NaN,NaN,NaN,NaN,NaN,0,0,0,0,0,0,NaN,0.06,0.4,0,MAT,Gly,C,NaN
-2.02409638554217,-2.89497170222029,-0.48784907269239,-0.48784907269239,NaN,NaN,NaN,NaN,NaN,NaN,NaN,0,0,0,0,0,0,NaN,0.06,0.4,0,MAT,Gly,C,NaN
-2.02409638554217,-2.89497170222029,-0.48784907269239,-0.48784907269239,NaN,NaN,NaN,NaN,NaN,NaN,NaN,0,0,0,0,0,0,NaN,0.06,0.4,0,MAT,Gly,C,NaN
-2.02409638554217,-2.89497170222029,-0.48784907269239,-0.48784907269239,NaN,NaN,NaN,NaN,NaN,NaN,NaN,0,0,0,0,0,0,NaN,0.06,0.4,0,MAT,Gly,C,NaN
-2.02409638554217,-2.89497170222029,-0.48784907269239,-0.48784907269239,NaN,NaN,NaN,NaN,NaN,NaN,NaN,0,0,0,0,0,0,NaN,0.06,0.4,0,MAT,Gly,C,NaN
-2.02409638554217,-2.89497170222029,-0.48784907269239,-0.48784907269239,NaN,NaN,NaN,NaN,NaN,NaN,NaN,0,0,0,0,0,0,NaN,0.06,0.4,0,MAT,Gly,C,NaN
19.4561101549053,7.91599912929909,2.68605840972074,3.92502664677041,NaN,NaN,NaN,NaN,NaN,NaN,NaN,1166100,61857,2.5088,2,0,1,3,0.06,0.4,0,MAT,Gly,C,NaN
-2.02409638554217,-2.89497170222029,-0.48784907269239,-0.48784907269239,NaN,NaN,NaN,NaN,NaN,NaN,NaN,0,0,0,0,0,0,NaN,0.06,0.4,0,MAT,Gly,C,NaN
-2.02409638554217,-2.89497170222029,-0.48784907269239,-0.48784907269239,NaN,NaN,NaN,NaN,NaN,NaN,NaN,0,0,0,0,0,0,NaN,0.06,0.4,0,MAT,Gly,C,NaN
-2.02409638554217,-2.89497170222029,-0.48784907269239,-0.48784907269239,NaN,NaN,NaN,NaN,NaN,NaN,NaN,0,0,0,0,0,0,NaN,0.06,0.4,0,MAT,Gly,C,NaN
17.7156626506024,8.16153678711363,2.37175442336389,3.55205713067576,NaN,NaN,NaN,NaN,NaN,NaN,NaN,1683300,302010,1.384544,1,0,0,1,0.06,0.4,0,MAT,Gly,C,NaN
-2.02409638554217,-2.89497170222029,-0.48784907269239,-0.48784907269239,NaN,NaN,NaN,NaN,NaN,NaN,NaN,0,0,0,0,0,0,NaN,0.06,0.4,0,MAT,Gly,C,NaN
26.4839931153184,9.16040487592512,2.8572798976764,3.78723086761884,NaN,NaN,NaN,NaN,NaN,NaN,NaN,1302400,29049,2.78976,2,0,1,3,0.06,0.4,0,MAT,Gly,C,NaN
-2.02409638554217,-2.89497170222029,-0.48784907269239,-0.48784907269239,NaN,NaN,NaN,NaN,NaN,NaN,NaN,0,0,0,0,0,0,NaN,0.06,0.4,0,MAT,Gly,C,NaN
-2.02409638554217,-2.89497170222029,-0.48784907269239,-0.48784907269239,NaN,NaN,NaN,NaN,NaN,NaN,NaN,0,0,0,0,0,0,NaN,0.06,0.4,0,MAT,Gly,C,NaN
-2.02409638554217,-2.89497170222029,-0.48784907269239,-0.48784907269239,NaN,NaN,NaN,NaN,NaN,NaN,NaN,0,0,0,0,0,0,NaN,0.06,0.4,0,MAT,Gly,C,NaN
-2.02409638554217,-2.89497170222029,-0.48784907269239,-0.48784907269239,NaN,NaN,NaN,NaN,NaN,NaN,NaN,0,0,0,0,0,0,NaN,0.06,0.4,0,MAT,Gly,C,NaN
-2.02409638554217,-2.89497170222029,-0.48784907269239,-0.48784907269239,NaN,NaN,NaN,NaN,NaN,NaN,NaN,0,0,0,0,0,0,NaN,0.06,0.4,0,MAT,Gly,C,NaN
-2.02409638554217,-2.89497170222029,-0.48784907269239,-0.48784907269239,NaN,NaN,NaN,NaN,NaN,NaN,NaN,0,0,0,0,0,0,NaN,0.06,0.4,0,MAT,Gly,C,NaN
-2.02409638554217,-2.89497170222029,-0.48784907269239,-0.48784907269239,NaN,NaN,NaN,NaN,NaN,NaN,NaN,0,0,0,0,0,0,NaN,0.06,0.4,0,MAT,Gly,C,NaN
-2.02409638554217,-2.89497170222029,-0.48784907269239,-0.48784907269239,NaN,NaN,NaN,NaN,NaN,NaN,NaN,0,0,0,0,0,0,NaN,0.06,0.4,0,MAT,Gly,C,NaN
14.7855421686747,8.41943839791032,1.99435088467278,2.64359411639309,NaN,NaN,NaN,NaN,NaN,NaN,NaN,1308500,241110,0.990368,1,0,0,1,0.06,0.4,0,MAT,Gly,C,NaN
-2.02409638554217,-2.89497170222029,-0.48784907269239,-0.48784907269239,NaN,NaN,NaN,NaN,NaN,NaN,NaN,0,0,0,0,0,0,NaN,0.06,0.4,0,MAT,Gly,C,NaN
14.2788296041308,5.47194166303875,2.42632700916649,3.45314431890855,NaN,NaN,NaN,NaN,NaN,NaN,NaN,NaN,NaN,0,0,0,0,NaN,0.06,0.4,0,MAT,Gly,C,NaN
-2.02409638554217,-2.89497170222029,-0.48784907269239,-0.48784907269239,NaN,NaN,NaN,NaN,NaN,NaN,NaN,0,0,0,0,0,0,NaN,0.06,0.4,0,MAT,Gly,C,NaN
-2.02409638554217,-2.89497170222029,-0.48784907269239,-0.48784907269239,NaN,NaN,NaN,NaN,NaN,NaN,NaN,0,0,0,0,0,0,NaN,0.06,0.4,0,MAT,Gly,C,NaN
16.5259896729776,9.38852851545494,2.05267533574931,3.44717544233639,NaN,NaN,NaN,NaN,NaN,NaN,NaN,1697000,185550,1.158672,1,0,0,1,0.06,0.4,0,MAT,Gly,C,NaN
-2.02409638554217,-2.89497170222029,-0.48784907269239,-0.48784907269239,NaN,NaN,NaN,NaN,NaN,NaN,NaN,0,0,0,0,0,0,NaN,0.06,0.4,0,MAT,Gly,C,NaN
15.005851979346,5.41969960818459,2.4433809422298,3.94753783841398,NaN,NaN,NaN,NaN,NaN,NaN,NaN,NaN,NaN,0,0,0,0,NaN,0.06,0.4,0,MAT,Gly,C,NaN
15.1380378657487,5.65513713539399,2.59277339586442,3.67348113408655,NaN,NaN,NaN,NaN,NaN,NaN,NaN,NaN,NaN,0,0,0,0,NaN,0.06,0.4,0,MAT,Gly,C,NaN
-2.02409638554217,-2.89497170222029,-0.48784907269239,-0.48784907269239,NaN,NaN,NaN,NaN,NaN,NaN,NaN,0,0,0,0,0,0,NaN,0.06,0.4,0,MAT,Gly,C,NaN
-2.02409638554217,-2.89497170222029,-0.48784907269239,-0.48784907269239,NaN,NaN,NaN,NaN,NaN,NaN,NaN,0,0,0,0,0,0,NaN,0.06,0.4,0,MAT,Gly,C,NaN
-2.02409638554217,-2.89497170222029,-0.48784907269239,-0.48784907269239,NaN,NaN,NaN,NaN,NaN,NaN,NaN,0,0,0,0,0,0,NaN,0.06,0.4,0,MAT,Gly,C,NaN
-2.02409638554217,-2.89497170222029,-0.48784907269239,-0.48784907269239,NaN,NaN,NaN,NaN,NaN,NaN,NaN,0,0,0,0,0,0,NaN,0.06,0.4,0,MAT,Gly,C,NaN
-2.02409638554217,-2.89497170222029,-0.48784907269239,-0.48784907269239,NaN,NaN,NaN,NaN,NaN,NaN,NaN,0,0,0,0,0,0,NaN,0.06,0.4,0,MAT,Gly,C,NaN
-2.02409638554217,-2.89497170222029,-0.48784907269239,-0.48784907269239,NaN,NaN,NaN,NaN,NaN,NaN,NaN,0,0,0,0,0,0,NaN,0.06,0.4,0,MAT,Gly,C,NaN
-2.02409638554217,-2.89497170222029,-0.48784907269239,-0.48784907269239,NaN,NaN,NaN,NaN,NaN,NaN,NaN,0,0,0,0,0,0,NaN,0.06,0.4,0,MAT,Gly,C,NaN
-2.02409638554217,-2.89497170222029,-0.48784907269239,-0.48784907269239,NaN,NaN,NaN,NaN,NaN,NaN,NaN,0,0,0,0,0,0,NaN,0.06,0.4,0,MAT,Gly,C,NaN
11.326678141136,3.44773617762299,2.56906842890642,3.61276913238116,NaN,NaN,NaN,NaN,NaN,NaN,NaN,1281500,321290,1.352512,1,0,0,1,0.06,0.4,0,MAT,Gly,C,NaN
26.1314974182444,9.43502394427514,2.69782562353443,3.37009166489022,NaN,NaN,NaN,NaN,NaN,NaN,NaN,NaN,NaN,0,0,0,0,NaN,0.06,0.4,0,MAT,Gly,C,NaN
17.7376936316695,5.8005441880714,2.65689618418248,3.27561287571946,NaN,NaN,NaN,NaN,NaN,NaN,NaN,970780,108160,1.299728,1,0,0,1,0.06,0.4,0,MAT,Gly,C,NaN
-2.02409638554217,-2.89497170222029,-0.48784907269239,-0.48784907269239,NaN,NaN,NaN,NaN,NaN,NaN,NaN,0,0,0,0,0,0,NaN,0.06,0.4,0,MAT,Gly,C,NaN
-2.02409638554217,-2.89497170222029,-0.48784907269239,-0.48784907269239,NaN,NaN,NaN,NaN,NaN,NaN,NaN,0,0,0,0,0,0,NaN,0.06,0.4,0,MAT,Gly,C,NaN
-2.02409638554217,-2.89497170222029,-0.48784907269239,-0.48784907269239,NaN,NaN,NaN,NaN,NaN,NaN,NaN,0,0,0,0,0,0,NaN,0.06,0.4,0,MAT,Gly,C,NaN
-2.02409638554217,-2.89497170222029,-0.48784907269239,-0.48784907269239,NaN,NaN,NaN,NaN,NaN,NaN,NaN,0,0,0,0,0,0,NaN,0.06,0.4,0,MAT,Gly,C,NaN
-2.02409638554217,-2.89497170222029,-0.48784907269239,-0.48784907269239,NaN,NaN,NaN,NaN,NaN,NaN,NaN,0,0,0,0,0,0,NaN,0.06,0.4,0,MAT,Gly,C,NaN
-2.02409638554217,-2.89497170222029,-0.48784907269239,-0.48784907269239,NaN,NaN,NaN,NaN,NaN,NaN,NaN,0,0,0,0,0,0,NaN,0.06,0.4,0,MAT,Gly,C,NaN
11.4148020654045,4.1042446669569,2.31189511831166,2.76348326582818,NaN,NaN,NaN,NaN,NaN,NaN,NaN,1183800,265220,1.473088,1,0,0,1,0.06,0.4,0,MAT,Gly,C,NaN
-2.02409638554217,-2.89497170222029,-0.48784907269239,-0.48784907269239,NaN,NaN,NaN,NaN,NaN,NaN,NaN,0,0,0,0,0,0,NaN,0.06,0.4,0,MAT,Gly,C,NaN
-2.02409638554217,-2.89497170222029,-0.48784907269239,-0.48784907269239,NaN,NaN,NaN,NaN,NaN,NaN,NaN,0,0,0,0,0,0,NaN,0.06,0.4,0,MAT,Gly,C,NaN
-2.02409638554217,-2.89497170222029,-0.48784907269239,-0.48784907269239,NaN,NaN,NaN,NaN,NaN,NaN,NaN,0,0,0,0,0,0,NaN,0.06,0.4,0,MAT,Gly,C,NaN
13.7280550774527,6.21325642141924,2.30063952248987,3.24201662758474,NaN,NaN,NaN,NaN,NaN,NaN,NaN,NaN,NaN,0,0,0,0,NaN,0.06,0.4,0,MAT,Gly,C,NaN
17.5834767641997,8.62544623421855,2.11867405670433,2.95772756341931,NaN,NaN,NaN,NaN,NaN,NaN,NaN,NaN,NaN,0,0,0,0,NaN,0.06,0.4,0,MAT,Gly,C,NaN
-2.02409638554217,-2.89497170222029,-0.48784907269239,-0.48784907269239,NaN,NaN,NaN,NaN,NaN,NaN,NaN,0,0,0,0,0,0,NaN,0.06,0.4,0,MAT,Gly,C,NaN
-2.02409638554217,-2.89497170222029,-0.48784907269239,-0.48784907269239,NaN,NaN,NaN,NaN,NaN,NaN,NaN,0,0,0,0,0,0,NaN,0.06,0.4,0,MAT,Gly,C,NaN
-2.02409638554217,-2.89497170222029,-0.48784907269239,-0.48784907269239,NaN,NaN,NaN,NaN,NaN,NaN,NaN,0,0,0,0,0,0,NaN,0.06,0.4,0,MAT,Gly,C,NaN
-2.02409638554217,-2.89497170222029,-0.48784907269239,-0.48784907269239,NaN,NaN,NaN,NaN,NaN,NaN,NaN,0,0,0,0,0,0,NaN,0.06,0.4,0,MAT,Gly,C,NaN
-2.02409638554217,-2.89497170222029,-0.48784907269239,-0.48784907269239,NaN,NaN,NaN,NaN,NaN,NaN,NaN,0,0,0,0,0,0,NaN,0.06,0.4,0,MAT,Gly,C,NaN
-2.02409638554217,-2.89497170222029,-0.48784907269239,-0.48784907269239,NaN,NaN,NaN,NaN,NaN,NaN,NaN,0,0,0,0,0,0,NaN,0.06,0.4,0,MAT,Gly,C,NaN
-2.02409638554217,-2.89497170222029,-0.48784907269239,-0.48784907269239,NaN,NaN,NaN,NaN,NaN,NaN,NaN,0,0,0,0,0,0,NaN,0.06,0.4,0,MAT,Gly,C,NaN
-2.02409638554217,-2.89497170222029,-0.48784907269239,-0.48784907269239,NaN,NaN,NaN,NaN,NaN,NaN,NaN,0,0,0,0,0,0,NaN,0.06,0.4,0,MAT,Gly,C,NaN
-2.02409638554217,-2.89497170222029,-0.48784907269239,-0.48784907269239,NaN,NaN,NaN,NaN,NaN,NaN,NaN,0,0,0,0,0,0,NaN,0.06,0.4,0,MAT,Gly,C,NaN
-2.02409638554217,-2.89497170222029,-0.48784907269239,-0.48784907269239,NaN,NaN,NaN,NaN,NaN,NaN,NaN,0,0,0,0,0,0,NaN,0.06,0.4,0,MAT,Gly,C,NaN
-2.02409638554217,-2.89497170222029,-0.48784907269239,-0.48784907269239,NaN,NaN,NaN,NaN,NaN,NaN,NaN,0,0,0,0,0,0,NaN,0.06,0.4,0,MAT,Gly,C,NaN
-2.02409638554217,-2.89497170222029,-0.48784907269239,-0.48784907269239,NaN,NaN,NaN,NaN,NaN,NaN,NaN,0,0,0,0,0,0,NaN,0.06,0.4,0,MAT,Gly,C,NaN
-2.02409638554217,-2.89497170222029,-0.48784907269239,-0.48784907269239,NaN,NaN,NaN,NaN,NaN,NaN,NaN,0,0,0,0,0,0,NaN,0.06,0.4,0,MAT,Gly,C,NaN
-2.02409638554217,-2.89497170222029,-0.48784907269239,-0.48784907269239,NaN,NaN,NaN,NaN,NaN,NaN,NaN,0,0,0,0,0,0,NaN,0.06,0.4,0,MAT,Gly,C,NaN
-2.02409638554217,-2.89497170222029,-0.48784907269239,-0.48784907269239,NaN,NaN,NaN,NaN,NaN,NaN,NaN,0,0,0,0,0,0,NaN,0.06,0.4,0,MAT,Gly,C,NaN
-2.02409638554217,-2.89497170222029,-0.48784907269239,-0.48784907269239,NaN,NaN,NaN,NaN,NaN,NaN,NaN,0,0,0,0,0,0,NaN,0.06,0.4,0,MAT,Gly,C,NaN
-2.02409638554217,-2.89497170222029,-0.48784907269239,-0.48784907269239,NaN,NaN,NaN,NaN,NaN,NaN,NaN,0,0,0,0,0,0,NaN,0.06,0.4,0,MAT,Gly,C,NaN
-2.02409638554217,-2.89497170222029,-0.48784907269239,-0.48784907269239,NaN,NaN,NaN,NaN,NaN,NaN,NaN,0,0,0,0,0,0,NaN,0.06,0.4,0,MAT,Gly,C,NaN
-2.02409638554217,-2.89497170222029,-0.48784907269239,-0.48784907269239,NaN,NaN,NaN,NaN,NaN,NaN,NaN,0,0,0,0,0,0,NaN,0.06,0.4,0,MAT,Gly,C,NaN
-2.02409638554217,-2.89497170222029,-0.48784907269239,-0.48784907269239,NaN,NaN,NaN,NaN,NaN,NaN,NaN,0,0,0,0,0,0,NaN,0.06,0.4,0,MAT,Gly,C,NaN
-2.02409638554217,-2.89497170222029,-0.48784907269239,-0.48784907269239,NaN,NaN,NaN,NaN,NaN,NaN,NaN,0,0,0,0,0,0,NaN,0.06,0.4,0,MAT,Gly,C,NaN
-2.02409638554217,-2.89497170222029,-0.48784907269239,-0.48784907269239,NaN,NaN,NaN,NaN,NaN,NaN,NaN,0,0,0,0,0,0,NaN,0.06,0.4,0,MAT,Gly,C,NaN
18.178313253012,8.81961253809317,2.38761458111277,3.15401833297804,NaN,NaN,NaN,NaN,NaN,NaN,NaN,1738000,104710,1.142704,1,0,0,1,0.06,0.4,0,MAT,Gly,C,NaN
-2.02409638554217,-2.89497170222029,-0.48784907269239,-0.48784907269239,NaN,NaN,NaN,NaN,NaN,NaN,NaN,0,0,0,0,0,0,NaN,0.06,0.4,0,MAT,Gly,C,NaN
7.93390705679862,4.15178493687418,1.88520571306758,2.73091025367725,NaN,NaN,NaN,NaN,NaN,NaN,NaN,NaN,NaN,0,0,0,0,NaN,0.06,0.4,0,MAT,Gly,C,NaN
-2.02409638554217,-2.89497170222029,-0.48784907269239,-0.48784907269239,NaN,NaN,NaN,NaN,NaN,NaN,NaN,0,0,0,0,0,0,NaN,0.06,0.4,0,MAT,Gly,C,NaN
-2.02409638554217,-2.89497170222029,-0.48784907269239,-0.48784907269239,NaN,NaN,NaN,NaN,NaN,NaN,NaN,0,0,0,0,0,0,NaN,0.06,0.4,0,MAT,Gly,C,NaN
-2.02409638554217,-2.89497170222029,-0.48784907269239,-0.48784907269239,NaN,NaN,NaN,NaN,NaN,NaN,NaN,0,0,0,0,0,0,NaN,0.06,0.4,0,MAT,Gly,C,NaN
-2.02409638554217,-2.89497170222029,-0.48784907269239,-0.48784907269239,NaN,NaN,NaN,NaN,NaN,NaN,NaN,0,0,0,0,0,0,NaN,0.06,0.4,0,MAT,Gly,C,NaN
-2.02409638554217,-2.89497170222029,-0.48784907269239,-0.48784907269239,NaN,NaN,NaN,NaN,NaN,NaN,NaN,0,0,0,0,0,0,NaN,0.06,0.4,0,MAT,Gly,C,NaN
26.7703958691911,10.6729865041358,2.71283308463014,3.47377957791516,NaN,NaN,NaN,NaN,NaN,NaN,NaN,1827500,139690,1.231536,1,0,0,1,0.06,0.4,0,MAT,Gly,C,NaN
9.14561101549053,3.76397474967349,2.29211255595822,3.08631421871669,NaN,NaN,NaN,NaN,NaN,NaN,NaN,1302000,197830,1.211072,1,0,1,2,0.06,0.4,0,MAT,Gly,C,NaN
-2.02409638554217,-2.89497170222029,-0.48784907269239,-0.48784907269239,NaN,NaN,NaN,NaN,NaN,NaN,NaN,0,0,0,0,0,0,NaN,0.06,0.4,0,MAT,Gly,C,NaN
-2.02409638554217,-2.89497170222029,-0.48784907269239,-0.48784907269239,NaN,NaN,NaN,NaN,NaN,NaN,NaN,0,0,0,0,0,0,NaN,0.06,0.4,0,MAT,Gly,C,NaN
-2.02409638554217,-2.89497170222029,-0.48784907269239,-0.48784907269239,NaN,NaN,NaN,NaN,NaN,NaN,NaN,0,0,0,0,0,0,NaN,0.06,0.4,0,MAT,Gly,C,NaN
-2.02409638554217,-2.89497170222029,-0.48784907269239,-0.48784907269239,NaN,NaN,NaN,NaN,NaN,NaN,NaN,0,0,0,0,0,0,NaN,0.06,0.4,0,MAT,Gly,C,NaN
-2.02409638554217,-2.89497170222029,-0.48784907269239,-0.48784907269239,NaN,NaN,NaN,NaN,NaN,NaN,NaN,0,0,0,0,0,0,NaN,0.06,0.4,0,MAT,Gly,C,NaN
-2.02409638554217,-2.89497170222029,-0.48784907269239,-0.48784907269239,NaN,NaN,NaN,NaN,NaN,NaN,NaN,0,0,0,0,0,0,NaN,0.06,0.4,0,MAT,Gly,C,NaN
-2.02409638554217,-2.89497170222029,-0.48784907269239,-0.48784907269239,NaN,NaN,NaN,NaN,NaN,NaN,NaN,0,0,0,0,0,0,NaN,0.06,0.4,0,MAT,Gly,C,NaN
-2.02409638554217,-2.89497170222029,-0.48784907269239,-0.48784907269239,NaN,NaN,NaN,NaN,NaN,NaN,NaN,0,0,0,0,0,0,NaN,0.06,0.4,0,MAT,Gly,C,NaN
18.3325301204819,7.31329995646496,2.33798763589853,3.17584736729908,NaN,NaN,NaN,NaN,NaN,NaN,NaN,2957000,503730,1.345392,1,0,1,2,0.06,0.4,0,MAT,Gly,C,NaN
-2.02409638554217,-2.89497170222029,-0.48784907269239,-0.48784907269239,NaN,NaN,NaN,NaN,NaN,NaN,NaN,0,0,0,0,0,0,NaN,0.06,0.4,0,MAT,Gly,C,NaN
-2.02409638554217,-2.89497170222029,-0.48784907269239,-0.48784907269239,NaN,NaN,NaN,NaN,NaN,NaN,NaN,0,0,0,0,0,0,NaN,0.06,0.4,0,MAT,Gly,C,NaN
-2.02409638554217,-2.89497170222029,-0.48784907269239,-0.48784907269239,NaN,NaN,NaN,NaN,NaN,NaN,NaN,0,0,0,0,0,0,NaN,0.06,0.4,0,MAT,Gly,C,NaN
-2.02409638554217,-2.89497170222029,-0.48784907269239,-0.48784907269239,NaN,NaN,NaN,NaN,NaN,NaN,NaN,0,0,0,0,0,0,NaN,0.06,0.4,0,MAT,Gly,C,NaN
-2.02409638554217,-2.89497170222029,-0.48784907269239,-0.48784907269239,NaN,NaN,NaN,NaN,NaN,NaN,NaN,0,0,0,0,0,0,NaN,0.06,0.4,0,MAT,Gly,C,NaN
-2.02409638554217,-2.89497170222029,-0.48784907269239,-0.48784907269239,NaN,NaN,NaN,NaN,NaN,NaN,NaN,0,0,0,0,0,0,NaN,0.06,0.4,0,MAT,Gly,C,NaN
15.4905335628227,6.32104919460165,2.46350458324451,3.39243231720316,NaN,NaN,NaN,NaN,NaN,NaN,NaN,NaN,NaN,0,0,0,0,NaN,0.06,0.4,0,MAT,Gly,C,NaN
-2.02409638554217,-2.89497170222029,-0.48784907269239,-0.48784907269239,NaN,NaN,NaN,NaN,NaN,NaN,NaN,0,0,0,0,0,0,NaN,0.06,0.4,0,MAT,Gly,C,NaN
-2.02409638554217,-2.89497170222029,-0.48784907269239,-0.48784907269239,NaN,NaN,NaN,NaN,NaN,NaN,NaN,0,0,0,0,0,0,NaN,0.06,0.4,0,MAT,Gly,C,NaN
14.7855421686747,6.71512842838485,2.21178853123001,2.9937113621829,NaN,NaN,NaN,NaN,NaN,NaN,NaN,2281100,741250,1.474384,1,0,0,1,0.06,0.4,0,MAT,Gly,C,NaN
-2.02409638554217,-2.89497170222029,-0.48784907269239,-0.48784907269239,NaN,NaN,NaN,NaN,NaN,NaN,NaN,0,0,0,0,0,0,NaN,0.06,0.4,0,MAT,Gly,C,NaN
-2.02409638554217,-2.89497170222029,-0.48784907269239,-0.48784907269239,NaN,NaN,NaN,NaN,NaN,NaN,NaN,0,0,0,0,0,0,NaN,0.06,0.4,0,MAT,Gly,C,NaN
-2.02409638554217,-2.89497170222029,-0.48784907269239,-0.48784907269239,NaN,NaN,NaN,NaN,NaN,NaN,NaN,0,0,0,0,0,0,NaN,0.06,0.4,0,MAT,Gly,C,NaN
-2.02409638554217,-2.89497170222029,-0.48784907269239,-0.48784907269239,NaN,NaN,NaN,NaN,NaN,NaN,NaN,0,0,0,0,0,0,NaN,0.06,0.4,0,MAT,Gly,C,NaN
-2.02409638554217,-2.89497170222029,-0.48784907269239,-0.48784907269239,NaN,NaN,NaN,NaN,NaN,NaN,NaN,0,0,0,0,0,0,NaN,0.06,0.4,0,MAT,Gly,C,NaN
-2.02409638554217,-2.89497170222029,-0.48784907269239,-0.48784907269239,NaN,NaN,NaN,NaN,NaN,NaN,NaN,0,0,0,0,0,0,NaN,0.06,0.4,0,MAT,Gly,C,NaN
-2.02409638554217,-2.89497170222029,-0.48784907269239,-0.48784907269239,NaN,NaN,NaN,NaN,NaN,NaN,NaN,0,0,0,0,0,0,NaN,0.06,0.4,0,MAT,Gly,C,NaN
24.8537005163511,9.06741401828472,2.59481986783202,3.13133660200384,NaN,NaN,NaN,NaN,NaN,NaN,NaN,2064300,285320,1.403296,1,0,0,1,0.06,0.4,0,MAT,Gly,C,NaN
-2.02409638554217,-2.89497170222029,-0.48784907269239,-0.48784907269239,NaN,NaN,NaN,NaN,NaN,NaN,NaN,0,0,0,0,0,0,NaN,0.06,0.4,0,MAT,Gly,C,NaN
-2.02409638554217,-2.89497170222029,-0.48784907269239,-0.48784907269239,NaN,NaN,NaN,NaN,NaN,NaN,NaN,0,0,0,0,0,0,NaN,0.06,0.4,0,MAT,Gly,C,NaN
-2.02409638554217,-2.89497170222029,-0.48784907269239,-0.48784907269239,NaN,NaN,NaN,NaN,NaN,NaN,NaN,0,0,0,0,0,0,NaN,0.06,0.4,0,MAT,Gly,C,NaN
-2.02409638554217,-2.89497170222029,-0.48784907269239,-0.48784907269239,NaN,NaN,NaN,NaN,NaN,NaN,NaN,0,0,0,0,0,0,NaN,0.06,0.4,0,MAT,Gly,C,NaN
-2.02409638554217,-2.89497170222029,-0.48784907269239,-0.48784907269239,NaN,NaN,NaN,NaN,NaN,NaN,NaN,0,0,0,0,0,0,NaN,0.06,0.4,0,MAT,Gly,C,NaN
-2.02409638554217,-2.89497170222029,-0.48784907269239,-0.48784907269239,NaN,NaN,NaN,NaN,NaN,NaN,NaN,0,0,0,0,0,0,NaN,0.06,0.4,0,MAT,Gly,C,NaN
-2.02409638554217,-2.89497170222029,-0.48784907269239,-0.48784907269239,NaN,NaN,NaN,NaN,NaN,NaN,NaN,0,0,0,0,0,0,NaN,0.06,0.4,0,MAT,Gly,C,NaN
-2.02409638554217,-2.89497170222029,-0.48784907269239,-0.48784907269239,NaN,NaN,NaN,NaN,NaN,NaN,NaN,0,0,0,0,0,0,NaN,0.06,0.4,0,MAT,Gly,C,NaN
-2.02409638554217,-2.89497170222029,-0.48784907269239,-0.48784907269239,NaN,NaN,NaN,NaN,NaN,NaN,NaN,0,0,0,0,0,0,NaN,0.06,0.4,0,MAT,Gly,C,NaN
-2.02409638554217,-2.89497170222029,-0.48784907269239,-0.48784907269239,NaN,NaN,NaN,NaN,NaN,NaN,NaN,0,0,0,0,0,0,NaN,0.06,0.4,0,MAT,Gly,C,NaN
-2.02409638554217,-2.89497170222029,-0.48784907269239,-0.48784907269239,NaN,NaN,NaN,NaN,NaN,NaN,NaN,0,0,0,0,0,0,NaN,0.06,0.4,0,MAT,Gly,C,NaN
26.0213425129088,8.93123639529822,2.87279897676402,3.70571306757621,NaN,NaN,NaN,NaN,NaN,NaN,NaN,1875200,277720,1.445232,1,0,0,1,0.06,0.4,0,MAT,Gly,C,NaN
