cell_area,cell_length,cell_width_avg,cell_width_max,dye_area,dye_length,dye_width,dye_delta,ratio_area,ratio_length,ratio_width,DNA_intensity,DNA_perNuc,nuclei_delta,nucleiNr,mid2_check,cut3_check,cycle_phase,growth_rate,OD_extraction,stain_check,analysis_mode,condition,replica,tPoint
-2.02409638554217,-2.89497170222029,-0.48784907269239,-0.48784907269239,NaN,NaN,NaN,NaN,NaN,NaN,NaN,0,0,0,0,0,0,NaN,0.0498,0.4,0,MAT,Trp,A,NaN
18.2223752151463,6.39854157596866,2.72971647836282,3.33837134939245,NaN,NaN,NaN,NaN,NaN,NaN,NaN,NaN,NaN,0,0,0,0,NaN,0.0498,0.4,0,MAT,Trp,A,NaN
-2.02409638554217,-2.89497170222029,-0.48784907269239,-0.48784907269239,NaN,NaN,NaN,NaN,NaN,NaN,NaN,0,0,0,0,0,0,NaN,0.0498,0.4,0,MAT,Trp,A,NaN
13.2213425129088,4.22753591641271,2.49931784267747,3.04964826263057,NaN,NaN,NaN,NaN,NaN,NaN,NaN,3149900,695790,1.150256,1,0,0,1,0.0498,0.4,0,MAT,Trp,A,NaN
-2.02409638554217,-2.89497170222029,-0.48784907269239,-0.48784907269239,NaN,NaN,NaN,NaN,NaN,NaN,NaN,0,0,0,0,0,0,NaN,0.0498,0.4,0,MAT,Trp,A,NaN
-2.02409638554217,-2.89497170222029,-0.48784907269239,-0.48784907269239,NaN,NaN,NaN,NaN,NaN,NaN,NaN,0,0,0,0,0,0,NaN,0.0498,0.4,0,MAT,Trp,A,NaN
-2.02409638554217,-2.89497170222029,-0.48784907269239,-0.48784907269239,NaN,NaN,NaN,NaN,NaN,NaN,NaN,0,0,0,0,0,0,NaN,0.0498,0.4,0,MAT,Trp,A,NaN
22.7607573149742,6.90215498476273,2.84380729055638,3.77273502451503,NaN,NaN,NaN,NaN,NaN,NaN,NaN,3701800,289740,6.43328,2,0,0,3,0.0498,0.4,0,MAT,Trp,A,NaN
-2.02409638554217,-2.89497170222029,-0.48784907269239,-0.48784907269239,NaN,NaN,NaN,NaN,NaN,NaN,NaN,0,0,0,0,0,0,NaN,0.0498,0.4,0,MAT,Trp,A,NaN
15.8650602409639,5.67986504135829,2.80594755915583,3.32643359624813,NaN,NaN,NaN,NaN,NaN,NaN,NaN,3319000,736610,1.278672,1,0,0,1,0.0498,0.4,0,MAT,Trp,A,NaN
-2.02409638554217,-2.89497170222029,-0.48784907269239,-0.48784907269239,NaN,NaN,NaN,NaN,NaN,NaN,NaN,0,0,0,0,0,0,NaN,0.0498,0.4,0,MAT,Trp,A,NaN
15.9752151462995,4.93785372224641,2.79980814325304,3.42671072266041,NaN,NaN,NaN,NaN,NaN,NaN,NaN,4097700,645420,1.287728,1,0,0,1,0.0498,0.4,0,MAT,Trp,A,NaN
16.5700516351119,6.38426208097519,2.71300362396078,3.63852057130676,NaN,NaN,NaN,NaN,NaN,NaN,NaN,NaN,NaN,0,0,0,0,NaN,0.0498,0.4,0,MAT,Trp,A,NaN
-2.02409638554217,-2.89497170222029,-0.48784907269239,-0.48784907269239,NaN,NaN,NaN,NaN,NaN,NaN,NaN,0,0,0,0,0,0,NaN,0.0498,0.4,0,MAT,Trp,A,NaN
12.6705679862306,4.51887244231606,2.84312513323385,4.13615433809422,NaN,NaN,NaN,NaN,NaN,NaN,NaN,NaN,NaN,0,0,0,0,NaN,0.0498,0.4,0,MAT,Trp,A,NaN
-2.02409638554217,-2.89497170222029,-0.48784907269239,-0.48784907269239,NaN,NaN,NaN,NaN,NaN,NaN,NaN,0,0,0,0,0,0,NaN,0.0498,0.4,0,MAT,Trp,A,NaN
-2.02409638554217,-2.89497170222029,-0.48784907269239,-0.48784907269239,NaN,NaN,NaN,NaN,NaN,NaN,NaN,0,0,0,0,0,0,NaN,0.0498,0.4,0,MAT,Trp,A,NaN
-2.02409638554217,-2.89497170222029,-0.48784907269239,-0.48784907269239,NaN,NaN,NaN,NaN,NaN,NaN,NaN,0,0,0,0,0,0,NaN,0.0498,0.4,0,MAT,Trp,A,NaN
-2.02409638554217,-2.89497170222029,-0.48784907269239,-0.48784907269239,NaN,NaN,NaN,NaN,NaN,NaN,NaN,0,0,0,0,0,0,NaN,0.0498,0.4,0,MAT,Trp,A,NaN
-2.02409638554217,-2.89497170222029,-0.48784907269239,-0.48784907269239,NaN,NaN,NaN,NaN,NaN,NaN,NaN,0,0,0,0,0,0,NaN,0.0498,0.4,0,MAT,Trp,A,NaN
-2.02409638554217,-2.89497170222029,-0.48784907269239,-0.48784907269239,NaN,NaN,NaN,NaN,NaN,NaN,NaN,0,0,0,0,0,0,NaN,0.0498,0.4,0,MAT,Trp,A,NaN
-2.02409638554217,-2.89497170222029,-0.48784907269239,-0.48784907269239,NaN,NaN,NaN,NaN,NaN,NaN,NaN,0,0,0,0,0,0,NaN,0.0498,0.4,0,MAT,Trp,A,NaN
8.15421686746988,4.6931867653461,1.51172457898103,2.25834576849286,NaN,NaN,NaN,NaN,NaN,NaN,NaN,3759000,834150,1.378832,1,0,0,1,0.0498,0.4,0,MAT,Trp,A,NaN
13.9483648881239,4.48961689159774,2.78292474952036,3.34655723726284,NaN,NaN,NaN,NaN,NaN,NaN,NaN,1391500,222750,1.598016,1,0,0,1,0.0498,0.4,0,MAT,Trp,A,NaN
-2.02409638554217,-2.89497170222029,-0.48784907269239,-0.48784907269239,NaN,NaN,NaN,NaN,NaN,NaN,NaN,0,0,0,0,0,0,NaN,0.0498,0.4,0,MAT,Trp,A,NaN
-2.02409638554217,-2.89497170222029,-0.48784907269239,-0.48784907269239,NaN,NaN,NaN,NaN,NaN,NaN,NaN,0,0,0,0,0,0,NaN,0.0498,0.4,0,MAT,Trp,A,NaN
20.976247848537,8.17755768393557,2.62688126199105,3.13713493924536,NaN,NaN,NaN,NaN,NaN,NaN,NaN,4982200,270890,2.27312,2,0,1,3,0.0498,0.4,0,MAT,Trp,A,NaN
13.7280550774527,5.51843709185895,2.36476231080793,3.03037731826903,NaN,NaN,NaN,NaN,NaN,NaN,NaN,NaN,NaN,0,0,0,0,NaN,0.0498,0.4,0,MAT,Trp,A,NaN
-2.02409638554217,-2.89497170222029,-0.48784907269239,-0.48784907269239,NaN,NaN,NaN,NaN,NaN,NaN,NaN,0,0,0,0,0,0,NaN,0.0498,0.4,0,MAT,Trp,A,NaN
14.8296041308089,5.75875054418807,2.60641654231507,3.1311660626732,NaN,NaN,NaN,NaN,NaN,NaN,NaN,2170100,448350,1.340128,1,0,0,1,0.0498,0.4,0,MAT,Trp,A,NaN
-2.02409638554217,-2.89497170222029,-0.48784907269239,-0.48784907269239,NaN,NaN,NaN,NaN,NaN,NaN,NaN,0,0,0,0,0,0,NaN,0.0498,0.4,0,MAT,Trp,A,NaN
-2.02409638554217,-2.89497170222029,-0.48784907269239,-0.48784907269239,NaN,NaN,NaN,NaN,NaN,NaN,NaN,0,0,0,0,0,0,NaN,0.0498,0.4,0,MAT,Trp,A,NaN
-2.02409638554217,-2.89497170222029,-0.48784907269239,-0.48784907269239,NaN,NaN,NaN,NaN,NaN,NaN,NaN,0,0,0,0,0,0,NaN,0.0498,0.4,0,MAT,Trp,A,NaN
-2.02409638554217,-2.89497170222029,-0.48784907269239,-0.48784907269239,NaN,NaN,NaN,NaN,NaN,NaN,NaN,0,0,0,0,0,0,NaN,0.0498,0.4,0,MAT,Trp,A,NaN
-2.02409638554217,-2.89497170222029,-0.48784907269239,-0.48784907269239,NaN,NaN,NaN,NaN,NaN,NaN,NaN,0,0,0,0,0,0,NaN,0.0498,0.4,0,MAT,Trp,A,NaN
15.9531841652324,5.65722681758816,2.81549776167129,3.43523768919207,NaN,NaN,NaN,NaN,NaN,NaN,NaN,3389000,768010,1.531184,1,0,0,1,0.0498,0.4,0,MAT,Trp,A,NaN
-2.02409638554217,-2.89497170222029,-0.48784907269239,-0.48784907269239,NaN,NaN,NaN,NaN,NaN,NaN,NaN,0,0,0,0,0,0,NaN,0.0498,0.4,0,MAT,Trp,A,NaN
-2.02409638554217,-2.89497170222029,-0.48784907269239,-0.48784907269239,NaN,NaN,NaN,NaN,NaN,NaN,NaN,0,0,0,0,0,0,NaN,0.0498,0.4,0,MAT,Trp,A,NaN
13.2874354561102,4.14830213321724,2.83920272862929,3.6315284587508,NaN,NaN,NaN,NaN,NaN,NaN,NaN,1789300,330870,1.51392,1,0,0,1,0.0498,0.4,0,MAT,Trp,A,NaN
-2.02409638554217,-2.89497170222029,-0.48784907269239,-0.48784907269239,NaN,NaN,NaN,NaN,NaN,NaN,NaN,0,0,0,0,0,0,NaN,0.0498,0.4,0,MAT,Trp,A,NaN
15.710843373494,6.76040487592512,2.31087188232786,3.07403538691111,NaN,NaN,NaN,NaN,NaN,NaN,NaN,NaN,NaN,0,0,0,0,NaN,0.0498,0.4,0,MAT,Trp,A,NaN
-2.02409638554217,-2.89497170222029,-0.48784907269239,-0.48784907269239,NaN,NaN,NaN,NaN,NaN,NaN,NaN,0,0,0,0,0,0,NaN,0.0498,0.4,0,MAT,Trp,A,NaN
-2.02409638554217,-2.89497170222029,-0.48784907269239,-0.48784907269239,NaN,NaN,NaN,NaN,NaN,NaN,NaN,0,0,0,0,0,0,NaN,0.0498,0.4,0,MAT,Trp,A,NaN
-2.02409638554217,-2.89497170222029,-0.48784907269239,-0.48784907269239,NaN,NaN,NaN,NaN,NaN,NaN,NaN,0,0,0,0,0,0,NaN,0.0498,0.4,0,MAT,Trp,A,NaN
14.7635111876076,4.71652154984763,2.83988488595182,3.58343636751226,NaN,NaN,NaN,NaN,NaN,NaN,NaN,4986000,1222900,1.413984,1,0,0,1,0.0498,0.4,0,MAT,Trp,A,NaN
12.5383820998279,4.14377448846321,2.54758047324664,3.36855681091452,NaN,NaN,NaN,NaN,NaN,NaN,NaN,NaN,NaN,0,0,0,0,NaN,0.0498,0.4,0,MAT,Trp,A,NaN
20.4254733218589,7.18774488463213,2.77507994031123,3.44427627371563,NaN,NaN,NaN,NaN,NaN,NaN,NaN,3567900,770830,1.397104,1,0,0,1,0.0498,0.4,0,MAT,Trp,A,NaN
17.12082616179,6.17564214192425,2.84619484118525,4.16429332764869,NaN,NaN,NaN,NaN,NaN,NaN,NaN,NaN,NaN,0,0,0,0,NaN,0.0498,0.4,0,MAT,Trp,A,NaN
3.10912220309811,3.41656508489334,0.875749307183969,1.3715412492006,NaN,NaN,NaN,NaN,NaN,NaN,NaN,3256100,209160,0.761296,1,0,0,1,0.0498,0.4,0,MAT,Trp,A,NaN
-2.02409638554217,-2.89497170222029,-0.48784907269239,-0.48784907269239,NaN,NaN,NaN,NaN,NaN,NaN,NaN,0,0,0,0,0,0,NaN,0.0498,0.4,0,MAT,Trp,A,NaN
16.9886402753873,6.39627775359164,2.7218716691537,3.76830100191857,NaN,NaN,NaN,NaN,NaN,NaN,NaN,2934000,338560,1.265088,1,0,0,1,0.0498,0.4,0,MAT,Trp,A,NaN
-2.02409638554217,-2.89497170222029,-0.48784907269239,-0.48784907269239,NaN,NaN,NaN,NaN,NaN,NaN,NaN,0,0,0,0,0,0,NaN,0.0498,0.4,0,MAT,Trp,A,NaN
15.2261617900172,5.07281236395298,2.73790236623321,3.6047537838414,NaN,NaN,NaN,NaN,NaN,NaN,NaN,2797700,468750,1.323536,1,0,0,1,0.0498,0.4,0,MAT,Trp,A,NaN
-2.02409638554217,-2.89497170222029,-0.48784907269239,-0.48784907269239,NaN,NaN,NaN,NaN,NaN,NaN,NaN,0,0,0,0,0,0,NaN,0.0498,0.4,0,MAT,Trp,A,NaN
27.0127366609294,8.46175446234218,2.91679812406736,3.74681304625879,NaN,NaN,NaN,NaN,NaN,NaN,NaN,3575500,528100,1.533072,1,0,0,1,0.0498,0.4,0,MAT,Trp,A,NaN
-2.02409638554217,-2.89497170222029,-0.48784907269239,-0.48784907269239,NaN,NaN,NaN,NaN,NaN,NaN,NaN,0,0,0,0,0,0,NaN,0.0498,0.4,0,MAT,Trp,A,NaN
-2.02409638554217,-2.89497170222029,-0.48784907269239,-0.48784907269239,NaN,NaN,NaN,NaN,NaN,NaN,NaN,0,0,0,0,0,0,NaN,0.0498,0.4,0,MAT,Trp,A,NaN
-2.02409638554217,-2.89497170222029,-0.48784907269239,-0.48784907269239,NaN,NaN,NaN,NaN,NaN,NaN,NaN,0,0,0,0,0,0,NaN,0.0498,0.4,0,MAT,Trp,A,NaN
20.1170395869191,9.13114932520679,2.31274781496483,3.04231507141334,NaN,NaN,NaN,NaN,NaN,NaN,NaN,NaN,NaN,0,0,0,0,NaN,0.0498,0.4,0,MAT,Trp,A,NaN
-2.02409638554217,-2.89497170222029,-0.48784907269239,-0.48784907269239,NaN,NaN,NaN,NaN,NaN,NaN,NaN,0,0,0,0,0,0,NaN,0.0498,0.4,0,MAT,Trp,A,NaN
-2.02409638554217,-2.89497170222029,-0.48784907269239,-0.48784907269239,NaN,NaN,NaN,NaN,NaN,NaN,NaN,0,0,0,0,0,0,NaN,0.0498,0.4,0,MAT,Trp,A,NaN
-2.02409638554217,-2.89497170222029,-0.48784907269239,-0.48784907269239,NaN,NaN,NaN,NaN,NaN,NaN,NaN,0,0,0,0,0,0,NaN,0.0498,0.4,0,MAT,Trp,A,NaN
9.23373493975904,3.1861776229865,2.15738648475805,2.70328288211469,NaN,NaN,NaN,NaN,NaN,NaN,NaN,3881400,499240,1.243904,1,0,0,1,0.0498,0.4,0,MAT,Trp,A,NaN
-2.02409638554217,-2.89497170222029,-0.48784907269239,-0.48784907269239,NaN,NaN,NaN,NaN,NaN,NaN,NaN,0,0,0,0,0,0,NaN,0.0498,0.4,0,MAT,Trp,A,NaN
8.33046471600688,6.64930343926861,1.13215519079088,1.71125559582179,NaN,NaN,NaN,NaN,NaN,NaN,NaN,5006200,829350,1.64384,1,0,0,1,0.0498,0.4,0,MAT,Trp,A,NaN
-2.02409638554217,-2.89497170222029,-0.48784907269239,-0.48784907269239,NaN,NaN,NaN,NaN,NaN,NaN,NaN,0,0,0,0,0,0,NaN,0.0498,0.4,0,MAT,Trp,A,NaN
20.447504302926,6.09484109708315,2.88575996589213,3.60492432317203,NaN,NaN,NaN,NaN,NaN,NaN,NaN,3820800,747720,1.318544,1,0,0,1,0.0498,0.4,0,MAT,Trp,A,NaN
-2.02409638554217,-2.89497170222029,-0.48784907269239,-0.48784907269239,NaN,NaN,NaN,NaN,NaN,NaN,NaN,0,0,0,0,0,0,NaN,0.0498,0.4,0,MAT,Trp,A,NaN
23.2013769363167,7.8407705703091,2.70413557876785,3.25071413344703,NaN,NaN,NaN,NaN,NaN,NaN,NaN,NaN,NaN,0,0,0,0,NaN,0.0498,0.4,0,MAT,Trp,A,NaN
-2.02409638554217,-2.89497170222029,-0.48784907269239,-0.48784907269239,NaN,NaN,NaN,NaN,NaN,NaN,NaN,0,0,0,0,0,0,NaN,0.0498,0.4,0,MAT,Trp,A,NaN
-2.02409638554217,-2.89497170222029,-0.48784907269239,-0.48784907269239,NaN,NaN,NaN,NaN,NaN,NaN,NaN,0,0,0,0,0,0,NaN,0.0498,0.4,0,MAT,Trp,A,NaN
-2.02409638554217,-2.89497170222029,-0.48784907269239,-0.48784907269239,NaN,NaN,NaN,NaN,NaN,NaN,NaN,0,0,0,0,0,0,NaN,0.0498,0.4,0,MAT,Trp,A,NaN
-2.02409638554217,-2.89497170222029,-0.48784907269239,-0.48784907269239,NaN,NaN,NaN,NaN,NaN,NaN,NaN,0,0,0,0,0,0,NaN,0.0498,0.4,0,MAT,Trp,A,NaN
23.6419965576592,9.85365694383979,2.71266254529951,3.89313579194202,NaN,NaN,NaN,NaN,NaN,NaN,NaN,7947900,529160,5.71184,2,0,0,3,0.0498,0.4,0,MAT,Trp,A,NaN
-2.02409638554217,-2.89497170222029,-0.48784907269239,-0.48784907269239,NaN,NaN,NaN,NaN,NaN,NaN,NaN,0,0,0,0,0,0,NaN,0.0498,0.4,0,MAT,Trp,A,NaN
-2.02409638554217,-2.89497170222029,-0.48784907269239,-0.48784907269239,NaN,NaN,NaN,NaN,NaN,NaN,NaN,0,0,0,0,0,0,NaN,0.0498,0.4,0,MAT,Trp,A,NaN
-2.02409638554217,-2.89497170222029,-0.48784907269239,-0.48784907269239,NaN,NaN,NaN,NaN,NaN,NaN,NaN,0,0,0,0,0,0,NaN,0.0498,0.4,0,MAT,Trp,A,NaN
-2.02409638554217,-2.89497170222029,-0.48784907269239,-0.48784907269239,NaN,NaN,NaN,NaN,NaN,NaN,NaN,0,0,0,0,0,0,NaN,0.0498,0.4,0,MAT,Trp,A,NaN
-2.02409638554217,-2.89497170222029,-0.48784907269239,-0.48784907269239,NaN,NaN,NaN,NaN,NaN,NaN,NaN,0,0,0,0,0,0,NaN,0.0498,0.4,0,MAT,Trp,A,NaN
-2.02409638554217,-2.89497170222029,-0.48784907269239,-0.48784907269239,NaN,NaN,NaN,NaN,NaN,NaN,NaN,0,0,0,0,0,0,NaN,0.0498,0.4,0,MAT,Trp,A,NaN
-2.02409638554217,-2.89497170222029,-0.48784907269239,-0.48784907269239,NaN,NaN,NaN,NaN,NaN,NaN,NaN,0,0,0,0,0,0,NaN,0.0498,0.4,0,MAT,Trp,A,NaN
-2.02409638554217,-2.89497170222029,-0.48784907269239,-0.48784907269239,NaN,NaN,NaN,NaN,NaN,NaN,NaN,0,0,0,0,0,0,NaN,0.0498,0.4,0,MAT,Trp,A,NaN
-2.02409638554217,-2.89497170222029,-0.48784907269239,-0.48784907269239,NaN,NaN,NaN,NaN,NaN,NaN,NaN,0,0,0,0,0,0,NaN,0.0498,0.4,0,MAT,Trp,A,NaN
11.2605851979346,4.8082934262081,2.26482626305692,2.94937113621829,NaN,NaN,NaN,NaN,NaN,NaN,NaN,2888600,376060,1.175952,1,0,0,1,0.0498,0.4,0,MAT,Trp,A,NaN
19.566265060241,7.77599042228994,2.78667661479429,3.88750799403112,NaN,NaN,NaN,NaN,NaN,NaN,NaN,NaN,NaN,0,0,0,0,NaN,0.0498,0.4,0,MAT,Trp,A,NaN
-2.02409638554217,-2.89497170222029,-0.48784907269239,-0.48784907269239,NaN,NaN,NaN,NaN,NaN,NaN,NaN,0,0,0,0,0,0,NaN,0.0498,0.4,0,MAT,Trp,A,NaN
19.7645438898451,6.70781454070527,2.72118951183117,3.32489874227244,NaN,NaN,NaN,NaN,NaN,NaN,NaN,2524900,393220,1.327728,1,0,0,1,0.0498,0.4,0,MAT,Trp,A,NaN
-2.02409638554217,-2.89497170222029,-0.48784907269239,-0.48784907269239,NaN,NaN,NaN,NaN,NaN,NaN,NaN,0,0,0,0,0,0,NaN,0.0498,0.4,0,MAT,Trp,A,NaN
-2.02409638554217,-2.89497170222029,-0.48784907269239,-0.48784907269239,NaN,NaN,NaN,NaN,NaN,NaN,NaN,0,0,0,0,0,0,NaN,0.0498,0.4,0,MAT,Trp,A,NaN
-2.02409638554217,-2.89497170222029,-0.48784907269239,-0.48784907269239,NaN,NaN,NaN,NaN,NaN,NaN,NaN,0,0,0,0,0,0,NaN,0.0498,0.4,0,MAT,Trp,A,NaN
22.2981067125645,7.82300827165869,2.81617991899382,3.42585802600725,NaN,NaN,NaN,NaN,NaN,NaN,NaN,2673300,389000,1.432032,1,0,0,1,0.0498,0.4,0,MAT,Trp,A,NaN
-2.02409638554217,-2.89497170222029,-0.48784907269239,-0.48784907269239,NaN,NaN,NaN,NaN,NaN,NaN,NaN,0,0,0,0,0,0,NaN,0.0498,0.4,0,MAT,Trp,A,NaN
-2.02409638554217,-2.89497170222029,-0.48784907269239,-0.48784907269239,NaN,NaN,NaN,NaN,NaN,NaN,NaN,0,0,0,0,0,0,NaN,0.0498,0.4,0,MAT,Trp,A,NaN
17.5173838209983,7.32322594688724,2.64939245363462,3.24883820081006,NaN,NaN,NaN,NaN,NaN,NaN,NaN,NaN,NaN,0,0,0,0,NaN,0.0498,0.4,0,MAT,Trp,A,NaN
-2.02409638554217,-2.89497170222029,-0.48784907269239,-0.48784907269239,NaN,NaN,NaN,NaN,NaN,NaN,NaN,0,0,0,0,0,0,NaN,0.0498,0.4,0,MAT,Trp,A,NaN
-2.02409638554217,-2.89497170222029,-0.48784907269239,-0.48784907269239,NaN,NaN,NaN,NaN,NaN,NaN,NaN,0,0,0,0,0,0,NaN,0.0498,0.4,0,MAT,Trp,A,NaN
-2.02409638554217,-2.89497170222029,-0.48784907269239,-0.48784907269239,NaN,NaN,NaN,NaN,NaN,NaN,NaN,0,0,0,0,0,0,NaN,0.0498,0.4,0,MAT,Trp,A,NaN
-2.02409638554217,-2.89497170222029,-0.48784907269239,-0.48784907269239,NaN,NaN,NaN,NaN,NaN,NaN,NaN,0,0,0,0,0,0,NaN,0.0498,0.4,0,MAT,Trp,A,NaN
-2.02409638554217,-2.89497170222029,-0.48784907269239,-0.48784907269239,NaN,NaN,NaN,NaN,NaN,NaN,NaN,0,0,0,0,0,0,NaN,0.0498,0.4,0,MAT,Trp,A,NaN
12.0096385542169,4.37346538963866,2.45583031336602,3.23655936900448,NaN,NaN,NaN,NaN,NaN,NaN,NaN,20205000,1271400,6.49328,2,0,0,3,0.0498,0.4,0,MAT,Trp,A,NaN
-2.02409638554217,-2.89497170222029,-0.48784907269239,-0.48784907269239,NaN,NaN,NaN,NaN,NaN,NaN,NaN,0,0,0,0,0,0,NaN,0.0498,0.4,0,MAT,Trp,A,NaN
18.5528399311532,5.81221158032216,2.89002344915796,3.41869537412066,NaN,NaN,NaN,NaN,NaN,NaN,NaN,3480900,467690,1.33488,1,0,0,1,0.0498,0.4,0,MAT,Trp,A,NaN
14.6092943201377,5.24660426643448,2.88337241526327,3.78416115966745,NaN,NaN,NaN,NaN,NaN,NaN,NaN,1579100,164540,1.220512,1,0,0,1,0.0498,0.4,0,MAT,Trp,A,NaN
-2.02409638554217,-2.89497170222029,-0.48784907269239,-0.48784907269239,NaN,NaN,NaN,NaN,NaN,NaN,NaN,0,0,0,0,0,0,NaN,0.0498,0.4,0,MAT,Trp,A,NaN
13.1552495697074,5.96284283848498,2.3043913877638,3.12417395011725,NaN,NaN,NaN,NaN,NaN,NaN,NaN,3762100,649990,1.323584,1,0,0,1,0.0498,0.4,0,MAT,Trp,A,NaN
-2.02409638554217,-2.89497170222029,-0.48784907269239,-0.48784907269239,NaN,NaN,NaN,NaN,NaN,NaN,NaN,0,0,0,0,0,0,NaN,0.0498,0.4,0,MAT,Trp,A,NaN
-2.02409638554217,-2.89497170222029,-0.48784907269239,-0.48784907269239,NaN,NaN,NaN,NaN,NaN,NaN,NaN,0,0,0,0,0,0,NaN,0.0498,0.4,0,MAT,Trp,A,NaN
-2.02409638554217,-2.89497170222029,-0.48784907269239,-0.48784907269239,NaN,NaN,NaN,NaN,NaN,NaN,NaN,0,0,0,0,0,0,NaN,0.0498,0.4,0,MAT,Trp,A,NaN
24.0605851979346,8.34560296038311,2.82010232359838,3.54438286079727,NaN,NaN,NaN,NaN,NaN,NaN,NaN,3080100,284400,1.287248,1,0,0,1,0.0498,0.4,0,MAT,Trp,A,NaN
-2.02409638554217,-2.89497170222029,-0.48784907269239,-0.48784907269239,NaN,NaN,NaN,NaN,NaN,NaN,NaN,0,0,0,0,0,0,NaN,0.0498,0.4,0,MAT,Trp,A,NaN
-2.02409638554217,-2.89497170222029,-0.48784907269239,-0.48784907269239,NaN,NaN,NaN,NaN,NaN,NaN,NaN,0,0,0,0,0,0,NaN,0.0498,0.4,0,MAT,Trp,A,NaN
-2.02409638554217,-2.89497170222029,-0.48784907269239,-0.48784907269239,NaN,NaN,NaN,NaN,NaN,NaN,NaN,0,0,0,0,0,0,NaN,0.0498,0.4,0,MAT,Trp,A,NaN
-2.02409638554217,-2.89497170222029,-0.48784907269239,-0.48784907269239,NaN,NaN,NaN,NaN,NaN,NaN,NaN,0,0,0,0,0,0,NaN,0.0498,0.4,0,MAT,Trp,A,NaN
-2.02409638554217,-2.89497170222029,-0.48784907269239,-0.48784907269239,NaN,NaN,NaN,NaN,NaN,NaN,NaN,0,0,0,0,0,0,NaN,0.0498,0.4,0,MAT,Trp,A,NaN
-2.02409638554217,-2.89497170222029,-0.48784907269239,-0.48784907269239,NaN,NaN,NaN,NaN,NaN,NaN,NaN,0,0,0,0,0,0,NaN,0.0498,0.4,0,MAT,Trp,A,NaN
-2.02409638554217,-2.89497170222029,-0.48784907269239,-0.48784907269239,NaN,NaN,NaN,NaN,NaN,NaN,NaN,0,0,0,0,0,0,NaN,0.0498,0.4,0,MAT,Trp,A,NaN
17.2089500860585,6.792446669569,2.75325090599019,3.38100618205074,NaN,NaN,NaN,NaN,NaN,NaN,NaN,NaN,NaN,0,0,0,0,NaN,0.0498,0.4,0,MAT,Trp,A,NaN
-2.02409638554217,-2.89497170222029,-0.48784907269239,-0.48784907269239,NaN,NaN,NaN,NaN,NaN,NaN,NaN,0,0,0,0,0,0,NaN,0.0498,0.4,0,MAT,Trp,A,NaN
11.8333907056799,4.76214627775359,2.56037092304413,3.5764442549563,NaN,NaN,NaN,NaN,NaN,NaN,NaN,3253600,379770,0.924912,1,0,0,1,0.0498,0.4,0,MAT,Trp,A,NaN
-2.02409638554217,-2.89497170222029,-0.48784907269239,-0.48784907269239,NaN,NaN,NaN,NaN,NaN,NaN,NaN,0,0,0,0,0,0,NaN,0.0498,0.4,0,MAT,Trp,A,NaN
-2.02409638554217,-2.89497170222029,-0.48784907269239,-0.48784907269239,NaN,NaN,NaN,NaN,NaN,NaN,NaN,0,0,0,0,0,0,NaN,0.0498,0.4,0,MAT,Trp,A,NaN
23.0912220309811,8.64477579451458,2.64956299296525,3.28533361756555,NaN,NaN,NaN,NaN,NaN,NaN,NaN,3272100,223140,1.15872,1,0,0,1,0.0498,0.4,0,MAT,Trp,A,NaN
17.825817555938,6.15509360034828,2.88371349392454,3.73010019185675,NaN,NaN,NaN,NaN,NaN,NaN,NaN,NaN,NaN,0,0,0,0,NaN,0.0498,0.4,0,MAT,Trp,A,NaN
-2.02409638554217,-2.89497170222029,-0.48784907269239,-0.48784907269239,NaN,NaN,NaN,NaN,NaN,NaN,NaN,0,0,0,0,0,0,NaN,0.0498,0.4,0,MAT,Trp,A,NaN
43.6240963855422,15.6335437527209,2.883031336602,3.58821146876998,NaN,NaN,NaN,NaN,NaN,NaN,NaN,4506400,170980,14.85648,2,1,0,4,0.0498,0.4,0,MAT,Trp,A,NaN
6.47986230636833,2.20489769264258,2.05506288637817,2.92157322532509,NaN,NaN,NaN,NaN,NaN,NaN,NaN,2525500,453350,1.266144,1,0,0,1,0.0498,0.4,0,MAT,Trp,A,NaN
11.6130808950086,4.48474096647802,2.45156683010019,3.09057770198252,NaN,NaN,NaN,NaN,NaN,NaN,NaN,2870000,703870,1.217376,1,0,0,1,0.0498,0.4,0,MAT,Trp,A,NaN
-2.02409638554217,-2.89497170222029,-0.48784907269239,-0.48784907269239,NaN,NaN,NaN,NaN,NaN,NaN,NaN,0,0,0,0,0,0,NaN,0.0498,0.4,0,MAT,Trp,A,NaN
-2.02409638554217,-2.89497170222029,-0.48784907269239,-0.48784907269239,NaN,NaN,NaN,NaN,NaN,NaN,NaN,0,0,0,0,0,0,NaN,0.0498,0.4,0,MAT,Trp,A,NaN
9.56419965576592,5.19000870700914,1.62223406523129,2.05438072905564,NaN,NaN,NaN,NaN,NaN,NaN,NaN,NaN,NaN,0,0,0,0,NaN,0.0498,0.4,0,MAT,Trp,A,NaN
-2.02409638554217,-2.89497170222029,-0.48784907269239,-0.48784907269239,NaN,NaN,NaN,NaN,NaN,NaN,NaN,0,0,0,0,0,0,NaN,0.0498,0.4,0,MAT,Trp,A,NaN
24.1046471600689,8.06471484545059,2.88098486463441,3.61617991899382,NaN,NaN,NaN,NaN,NaN,NaN,NaN,3392400,527110,1.248096,1,0,0,1,0.0498,0.4,0,MAT,Trp,A,NaN
-2.02409638554217,-2.89497170222029,-0.48784907269239,-0.48784907269239,NaN,NaN,NaN,NaN,NaN,NaN,NaN,0,0,0,0,0,0,NaN,0.0498,0.4,0,MAT,Trp,A,NaN
17.3411359724613,6.63641706573792,2.83698571733106,3.78961841824771,NaN,NaN,NaN,NaN,NaN,NaN,NaN,NaN,NaN,0,0,0,0,NaN,0.0498,0.4,0,MAT,Trp,A,NaN
-2.02409638554217,-2.89497170222029,-0.48784907269239,-0.48784907269239,NaN,NaN,NaN,NaN,NaN,NaN,NaN,0,0,0,0,0,0,NaN,0.0498,0.4,0,MAT,Trp,A,NaN
8.39655765920826,3.1806051371354,2.31871669153699,2.91048816883394,NaN,NaN,NaN,NaN,NaN,NaN,NaN,4301000,682440,1.219056,1,0,0,1,0.0498,0.4,0,MAT,Trp,A,NaN
-2.02409638554217,-2.89497170222029,-0.48784907269239,-0.48784907269239,NaN,NaN,NaN,NaN,NaN,NaN,NaN,0,0,0,0,0,0,NaN,0.0498,0.4,0,MAT,Trp,A,NaN
-2.02409638554217,-2.89497170222029,-0.48784907269239,-0.48784907269239,NaN,NaN,NaN,NaN,NaN,NaN,NaN,0,0,0,0,0,0,NaN,0.0498,0.4,0,MAT,Trp,A,NaN
-2.02409638554217,-2.89497170222029,-0.48784907269239,-0.48784907269239,NaN,NaN,NaN,NaN,NaN,NaN,NaN,0,0,0,0,0,0,NaN,0.0498,0.4,0,MAT,Trp,A,NaN
-2.02409638554217,-2.89497170222029,-0.48784907269239,-0.48784907269239,NaN,NaN,NaN,NaN,NaN,NaN,NaN,0,0,0,0,0,0,NaN,0.0498,0.4,0,MAT,Trp,A,NaN
-2.02409638554217,-2.89497170222029,-0.48784907269239,-0.48784907269239,NaN,NaN,NaN,NaN,NaN,NaN,NaN,0,0,0,0,0,0,NaN,0.0498,0.4,0,MAT,Trp,A,NaN
-2.02409638554217,-2.89497170222029,-0.48784907269239,-0.48784907269239,NaN,NaN,NaN,NaN,NaN,NaN,NaN,0,0,0,0,0,0,NaN,0.0498,0.4,0,MAT,Trp,A,NaN
-2.02409638554217,-2.89497170222029,-0.48784907269239,-0.48784907269239,NaN,NaN,NaN,NaN,NaN,NaN,NaN,0,0,0,0,0,0,NaN,0.0498,0.4,0,MAT,Trp,A,NaN
19.3239242685026,6.7739878101872,2.91321679812407,3.63476870603283,NaN,NaN,NaN,NaN,NaN,NaN,NaN,NaN,NaN,0,0,0,0,NaN,0.0498,0.4,0,MAT,Trp,A,NaN
19.4340791738382,7.83067043970396,2.73807290556385,4.11074397782989,NaN,NaN,NaN,NaN,NaN,NaN,NaN,NaN,NaN,0,0,0,0,NaN,0.0498,0.4,0,MAT,Trp,A,NaN
-2.02409638554217,-2.89497170222029,-0.48784907269239,-0.48784907269239,NaN,NaN,NaN,NaN,NaN,NaN,NaN,0,0,0,0,0,0,NaN,0.0498,0.4,0,MAT,Trp,A,NaN
-2.02409638554217,-2.89497170222029,-0.48784907269239,-0.48784907269239,NaN,NaN,NaN,NaN,NaN,NaN,NaN,0,0,0,0,0,0,NaN,0.0498,0.4,0,MAT,Trp,A,NaN
-2.02409638554217,-2.89497170222029,-0.48784907269239,-0.48784907269239,NaN,NaN,NaN,NaN,NaN,NaN,NaN,0,0,0,0,0,0,NaN,0.0498,0.4,0,MAT,Trp,A,NaN
17.7376936316695,5.99296909011755,2.90861223619697,3.71014709017267,NaN,NaN,NaN,NaN,NaN,NaN,NaN,3159100,683660,1.441072,1,0,0,1,0.0498,0.4,0,MAT,Trp,A,NaN
20.1390705679862,8.00446234218546,2.71061607333191,3.35423150714133,NaN,NaN,NaN,NaN,NaN,NaN,NaN,2324300,365460,1.451904,1,0,0,1,0.0498,0.4,0,MAT,Trp,A,NaN
-2.02409638554217,-2.89497170222029,-0.48784907269239,-0.48784907269239,NaN,NaN,NaN,NaN,NaN,NaN,NaN,0,0,0,0,0,0,NaN,0.0498,0.4,0,MAT,Trp,A,NaN
-2.02409638554217,-2.89497170222029,-0.48784907269239,-0.48784907269239,NaN,NaN,NaN,NaN,NaN,NaN,NaN,0,0,0,0,0,0,NaN,0.0498,0.4,0,MAT,Trp,A,NaN
-2.02409638554217,-2.89497170222029,-0.48784907269239,-0.48784907269239,NaN,NaN,NaN,NaN,NaN,NaN,NaN,0,0,0,0,0,0,NaN,0.0498,0.4,0,MAT,Trp,A,NaN
18.5528399311532,5.92488027862429,2.86631848219996,3.60202515455127,NaN,NaN,NaN,NaN,NaN,NaN,NaN,4224000,708120,1.131584,1,0,0,1,0.0498,0.4,0,MAT,Trp,A,NaN
-2.02409638554217,-2.89497170222029,-0.48784907269239,-0.48784907269239,NaN,NaN,NaN,NaN,NaN,NaN,NaN,0,0,0,0,0,0,NaN,0.0498,0.4,0,MAT,Trp,A,NaN
-2.02409638554217,-2.89497170222029,-0.48784907269239,-0.48784907269239,NaN,NaN,NaN,NaN,NaN,NaN,NaN,0,0,0,0,0,0,NaN,0.0498,0.4,0,MAT,Trp,A,NaN
-2.02409638554217,-2.89497170222029,-0.48784907269239,-0.48784907269239,NaN,NaN,NaN,NaN,NaN,NaN,NaN,0,0,0,0,0,0,NaN,0.0498,0.4,0,MAT,Trp,A,NaN
-2.02409638554217,-2.89497170222029,-0.48784907269239,-0.48784907269239,NaN,NaN,NaN,NaN,NaN,NaN,NaN,0,0,0,0,0,0,NaN,0.0498,0.4,0,MAT,Trp,A,NaN
8.81514629948365,3.21508489333914,2.48669793221062,3.30545725858026,NaN,NaN,NaN,NaN,NaN,NaN,NaN,3880000,709800,1.117872,1,0,1,2,0.0498,0.4,0,MAT,Trp,A,NaN
17.297074010327,6.46349586417066,2.61664890215306,3.64755915583031,NaN,NaN,NaN,NaN,NaN,NaN,NaN,NaN,NaN,0,0,0,0,NaN,0.0498,0.4,0,MAT,Trp,A,NaN
-2.02409638554217,-2.89497170222029,-0.48784907269239,-0.48784907269239,NaN,NaN,NaN,NaN,NaN,NaN,NaN,0,0,0,0,0,0,NaN,0.0498,0.4,0,MAT,Trp,A,NaN
-2.02409638554217,-2.89497170222029,-0.48784907269239,-0.48784907269239,NaN,NaN,NaN,NaN,NaN,NaN,NaN,0,0,0,0,0,0,NaN,0.0498,0.4,0,MAT,Trp,A,NaN
-2.02409638554217,-2.89497170222029,-0.48784907269239,-0.48784907269239,NaN,NaN,NaN,NaN,NaN,NaN,NaN,0,0,0,0,0,0,NaN,0.0498,0.4,0,MAT,Trp,A,NaN
-2.02409638554217,-2.89497170222029,-0.48784907269239,-0.48784907269239,NaN,NaN,NaN,NaN,NaN,NaN,NaN,0,0,0,0,0,0,NaN,0.0498,0.4,0,MAT,Trp,A,NaN
-2.02409638554217,-2.89497170222029,-0.48784907269239,-0.48784907269239,NaN,NaN,NaN,NaN,NaN,NaN,NaN,0,0,0,0,0,0,NaN,0.0498,0.4,0,MAT,Trp,A,NaN
-2.02409638554217,-2.89497170222029,-0.48784907269239,-0.48784907269239,NaN,NaN,NaN,NaN,NaN,NaN,NaN,0,0,0,0,0,0,NaN,0.0498,0.4,0,MAT,Trp,A,NaN
-2.02409638554217,-2.89497170222029,-0.48784907269239,-0.48784907269239,NaN,NaN,NaN,NaN,NaN,NaN,NaN,0,0,0,0,0,0,NaN,0.0498,0.4,0,MAT,Trp,A,NaN
-2.02409638554217,-2.89497170222029,-0.48784907269239,-0.48784907269239,NaN,NaN,NaN,NaN,NaN,NaN,NaN,0,0,0,0,0,0,NaN,0.0498,0.4,0,MAT,Trp,A,NaN
15.0278829604131,7.73872442316064,2.08541888723087,3.79609891281177,NaN,NaN,NaN,NaN,NaN,NaN,NaN,1847700,438020,1.297872,1,0,0,1,0.0498,0.4,0,MAT,Trp,A,NaN
-2.02409638554217,-2.89497170222029,-0.48784907269239,-0.48784907269239,NaN,NaN,NaN,NaN,NaN,NaN,NaN,0,0,0,0,0,0,NaN,0.0498,0.4,0,MAT,Trp,A,NaN
-2.02409638554217,-2.89497170222029,-0.48784907269239,-0.48784907269239,NaN,NaN,NaN,NaN,NaN,NaN,NaN,0,0,0,0,0,0,NaN,0.0498,0.4,0,MAT,Trp,A,NaN
-2.02409638554217,-2.89497170222029,-0.48784907269239,-0.48784907269239,NaN,NaN,NaN,NaN,NaN,NaN,NaN,0,0,0,0,0,0,NaN,0.0498,0.4,0,MAT,Trp,A,NaN
-2.02409638554217,-2.89497170222029,-0.48784907269239,-0.48784907269239,NaN,NaN,NaN,NaN,NaN,NaN,NaN,0,0,0,0,0,0,NaN,0.0498,0.4,0,MAT,Trp,A,NaN
-2.02409638554217,-2.89497170222029,-0.48784907269239,-0.48784907269239,NaN,NaN,NaN,NaN,NaN,NaN,NaN,0,0,0,0,0,0,NaN,0.0498,0.4,0,MAT,Trp,A,NaN
-2.02409638554217,-2.89497170222029,-0.48784907269239,-0.48784907269239,NaN,NaN,NaN,NaN,NaN,NaN,NaN,0,0,0,0,0,0,NaN,0.0498,0.4,0,MAT,Trp,A,NaN
13.5738382099828,5.28770134958642,2.69373267959923,3.44990407162652,NaN,NaN,NaN,NaN,NaN,NaN,NaN,2848100,407870,1.386992,1,0,0,1,0.0498,0.4,0,MAT,Trp,A,NaN
32.9611015490534,11.8223117109273,2.87262843743338,3.30920912385419,NaN,NaN,NaN,NaN,NaN,NaN,NaN,6654900,514340,5.45808,2,1,0,4,0.0498,0.4,0,MAT,Trp,A,NaN
-2.02409638554217,-2.89497170222029,-0.48784907269239,-0.48784907269239,NaN,NaN,NaN,NaN,NaN,NaN,NaN,0,0,0,0,0,0,NaN,0.0498,0.4,0,MAT,Trp,A,NaN
-2.02409638554217,-2.89497170222029,-0.48784907269239,-0.48784907269239,NaN,NaN,NaN,NaN,NaN,NaN,NaN,0,0,0,0,0,0,NaN,0.0498,0.4,0,MAT,Trp,A,NaN
-2.02409638554217,-2.89497170222029,-0.48784907269239,-0.48784907269239,NaN,NaN,NaN,NaN,NaN,NaN,NaN,0,0,0,0,0,0,NaN,0.0498,0.4,0,MAT,Trp,A,NaN
8.83717728055078,3.61003482803657,2.31564698358559,3.28362822425922,NaN,NaN,NaN,NaN,NaN,NaN,NaN,1869000,280860,1.71552,1,0,0,1,0.0498,0.4,0,MAT,Trp,A,NaN
-2.02409638554217,-2.89497170222029,-0.48784907269239,-0.48784907269239,NaN,NaN,NaN,NaN,NaN,NaN,NaN,0,0,0,0,0,0,NaN,0.0498,0.4,0,MAT,Trp,A,NaN
-2.02409638554217,-2.89497170222029,-0.48784907269239,-0.48784907269239,NaN,NaN,NaN,NaN,NaN,NaN,NaN,0,0,0,0,0,0,NaN,0.0498,0.4,0,MAT,Trp,A,NaN
21.1745266781411,6.53175881584676,2.84858239181411,3.6011724578981,NaN,NaN,NaN,NaN,NaN,NaN,NaN,4758500,566090,6.66976,2,1,0,4,0.0498,0.4,0,MAT,Trp,A,NaN
-2.02409638554217,-2.89497170222029,-0.48784907269239,-0.48784907269239,NaN,NaN,NaN,NaN,NaN,NaN,NaN,0,0,0,0,0,0,NaN,0.0498,0.4,0,MAT,Trp,A,NaN
-2.02409638554217,-2.89497170222029,-0.48784907269239,-0.48784907269239,NaN,NaN,NaN,NaN,NaN,NaN,NaN,0,0,0,0,0,0,NaN,0.0498,0.4,0,MAT,Trp,A,NaN
12.4943201376936,4.82849368741837,2.5005116179919,2.99968023875506,NaN,NaN,NaN,NaN,NaN,NaN,NaN,4804500,1594900,1.375024,1,0,0,1,0.0498,0.4,0,MAT,Trp,A,NaN
-2.02409638554217,-2.89497170222029,-0.48784907269239,-0.48784907269239,NaN,NaN,NaN,NaN,NaN,NaN,NaN,0,0,0,0,0,0,NaN,0.0498,0.4,0,MAT,Trp,A,NaN
20.976247848537,7.34220722681759,2.916968663398,3.68490726923897,NaN,NaN,NaN,NaN,NaN,NaN,NaN,NaN,NaN,0,0,0,0,NaN,0.0498,0.4,0,MAT,Trp,A,NaN
-2.02409638554217,-2.89497170222029,-0.48784907269239,-0.48784907269239,NaN,NaN,NaN,NaN,NaN,NaN,NaN,0,0,0,0,0,0,NaN,0.0498,0.4,0,MAT,Trp,A,NaN
-2.02409638554217,-2.89497170222029,-0.48784907269239,-0.48784907269239,NaN,NaN,NaN,NaN,NaN,NaN,NaN,0,0,0,0,0,0,NaN,0.0498,0.4,0,MAT,Trp,A,NaN
-2.02409638554217,-2.89497170222029,-0.48784907269239,-0.48784907269239,NaN,NaN,NaN,NaN,NaN,NaN,NaN,0,0,0,0,0,0,NaN,0.0498,0.4,0,MAT,Trp,A,NaN
-2.02409638554217,-2.89497170222029,-0.48784907269239,-0.48784907269239,NaN,NaN,NaN,NaN,NaN,NaN,NaN,0,0,0,0,0,0,NaN,0.0498,0.4,0,MAT,Trp,A,NaN
-2.02409638554217,-2.89497170222029,-0.48784907269239,-0.48784907269239,NaN,NaN,NaN,NaN,NaN,NaN,NaN,0,0,0,0,0,0,NaN,0.0498,0.4,0,MAT,Trp,A,NaN
-2.02409638554217,-2.89497170222029,-0.48784907269239,-0.48784907269239,NaN,NaN,NaN,NaN,NaN,NaN,NaN,0,0,0,0,0,0,NaN,0.0498,0.4,0,MAT,Trp,A,NaN
16.415834767642,6.72557683935568,2.54792155190791,3.64244297591132,NaN,NaN,NaN,NaN,NaN,NaN,NaN,NaN,NaN,0,0,0,0,NaN,0.0498,0.4,0,MAT,Trp,A,NaN
-2.02409638554217,-2.89497170222029,-0.48784907269239,-0.48784907269239,NaN,NaN,NaN,NaN,NaN,NaN,NaN,0,0,0,0,0,0,NaN,0.0498,0.4,0,MAT,Trp,A,NaN
-2.02409638554217,-2.89497170222029,-0.48784907269239,-0.48784907269239,NaN,NaN,NaN,NaN,NaN,NaN,NaN,0,0,0,0,0,0,NaN,0.0498,0.4,0,MAT,Trp,A,NaN
-2.02409638554217,-2.89497170222029,-0.48784907269239,-0.48784907269239,NaN,NaN,NaN,NaN,NaN,NaN,NaN,0,0,0,0,0,0,NaN,0.0498,0.4,0,MAT,Trp,A,NaN
10.8640275387263,5.4440792337832,2.04534214453208,2.60488168833937,NaN,NaN,NaN,NaN,NaN,NaN,NaN,1768200,198750,1.05272,1,0,0,1,0.0498,0.4,0,MAT,Trp,A,NaN
18.6409638554217,6.50964301262516,2.91321679812407,3.88784907269239,NaN,NaN,NaN,NaN,NaN,NaN,NaN,NaN,NaN,0,0,0,0,NaN,0.0498,0.4,0,MAT,Trp,A,NaN
-2.02409638554217,-2.89497170222029,-0.48784907269239,-0.48784907269239,NaN,NaN,NaN,NaN,NaN,NaN,NaN,0,0,0,0,0,0,NaN,0.0498,0.4,0,MAT,Trp,A,NaN
-2.02409638554217,-2.89497170222029,-0.48784907269239,-0.48784907269239,NaN,NaN,NaN,NaN,NaN,NaN,NaN,0,0,0,0,0,0,NaN,0.0498,0.4,0,MAT,Trp,A,NaN
-2.02409638554217,-2.89497170222029,-0.48784907269239,-0.48784907269239,NaN,NaN,NaN,NaN,NaN,NaN,NaN,0,0,0,0,0,0,NaN,0.0498,0.4,0,MAT,Trp,A,NaN
13.089156626506,4.22405311275577,2.45378384139842,3.25668301001919,NaN,NaN,NaN,NaN,NaN,NaN,NaN,2200300,448360,1.325664,1,0,0,1,0.0498,0.4,0,MAT,Trp,A,NaN
-2.02409638554217,-2.89497170222029,-0.48784907269239,-0.48784907269239,NaN,NaN,NaN,NaN,NaN,NaN,NaN,0,0,0,0,0,0,NaN,0.0498,0.4,0,MAT,Trp,A,NaN
-2.02409638554217,-2.89497170222029,-0.48784907269239,-0.48784907269239,NaN,NaN,NaN,NaN,NaN,NaN,NaN,0,0,0,0,0,0,NaN,0.0498,0.4,0,MAT,Trp,A,NaN
7.36110154905336,5.45574662603396,1.12107013429972,1.80522276700064,NaN,NaN,NaN,NaN,NaN,NaN,NaN,1811900,269080,1.396848,1,0,0,1,0.0498,0.4,0,MAT,Trp,A,NaN
12.031669535284,5.88326077492382,1.84990407162652,2.39580046898316,NaN,NaN,NaN,NaN,NaN,NaN,NaN,3634900,719270,1.223936,1,0,0,1,0.0498,0.4,0,MAT,Trp,A,NaN
-2.02409638554217,-2.89497170222029,-0.48784907269239,-0.48784907269239,NaN,NaN,NaN,NaN,NaN,NaN,NaN,0,0,0,0,0,0,NaN,0.0498,0.4,0,MAT,Trp,A,NaN
25.6468158347676,9.73332607749238,2.84346621189512,3.49168620763164,NaN,NaN,NaN,NaN,NaN,NaN,NaN,3650000,583180,1.39096,1,0,0,1,0.0498,0.4,0,MAT,Trp,A,NaN
-2.02409638554217,-2.89497170222029,-0.48784907269239,-0.48784907269239,NaN,NaN,NaN,NaN,NaN,NaN,NaN,0,0,0,0,0,0,NaN,0.0498,0.4,0,MAT,Trp,A,NaN
-2.02409638554217,-2.89497170222029,-0.48784907269239,-0.48784907269239,NaN,NaN,NaN,NaN,NaN,NaN,NaN,0,0,0,0,0,0,NaN,0.0498,0.4,0,MAT,Trp,A,NaN
-2.02409638554217,-2.89497170222029,-0.48784907269239,-0.48784907269239,NaN,NaN,NaN,NaN,NaN,NaN,NaN,0,0,0,0,0,0,NaN,0.0498,0.4,0,MAT,Trp,A,NaN
-2.02409638554217,-2.89497170222029,-0.48784907269239,-0.48784907269239,NaN,NaN,NaN,NaN,NaN,NaN,NaN,0,0,0,0,0,0,NaN,0.0498,0.4,0,MAT,Trp,A,NaN
20.0289156626506,6.77538093164998,2.74540609678107,3.45024515028778,NaN,NaN,NaN,NaN,NaN,NaN,NaN,3755000,852420,1.426752,1,0,0,1,0.0498,0.4,0,MAT,Trp,A,NaN
17.297074010327,6.96397474967349,2.78445960349606,3.80070347473886,NaN,NaN,NaN,NaN,NaN,NaN,NaN,7869300,1351900,1.471168,1,0,0,1,0.0498,0.4,0,MAT,Trp,A,NaN
-2.02409638554217,-2.89497170222029,-0.48784907269239,-0.48784907269239,NaN,NaN,NaN,NaN,NaN,NaN,NaN,0,0,0,0,0,0,NaN,0.0498,0.4,0,MAT,Trp,A,NaN
13.1993115318417,5.6610579016108,2.25715199317843,3.30630995523343,NaN,NaN,NaN,NaN,NaN,NaN,NaN,5722000,610790,2.58064,2,0,1,3,0.0498,0.4,0,MAT,Trp,A,NaN
-2.02409638554217,-2.89497170222029,-0.48784907269239,-0.48784907269239,NaN,NaN,NaN,NaN,NaN,NaN,NaN,0,0,0,0,0,0,NaN,0.0498,0.4,0,MAT,Trp,A,NaN
-2.02409638554217,-2.89497170222029,-0.48784907269239,-0.48784907269239,NaN,NaN,NaN,NaN,NaN,NaN,NaN,0,0,0,0,0,0,NaN,0.0498,0.4,0,MAT,Trp,A,NaN
-2.02409638554217,-2.89497170222029,-0.48784907269239,-0.48784907269239,NaN,NaN,NaN,NaN,NaN,NaN,NaN,0,0,0,0,0,0,NaN,0.0498,0.4,0,MAT,Trp,A,NaN
16.3497418244406,5.09423160644319,2.78957578341505,3.78706032828821,NaN,NaN,NaN,NaN,NaN,NaN,NaN,NaN,NaN,0,0,0,0,NaN,0.0498,0.4,0,MAT,Trp,A,NaN
-2.02409638554217,-2.89497170222029,-0.48784907269239,-0.48784907269239,NaN,NaN,NaN,NaN,NaN,NaN,NaN,0,0,0,0,0,0,NaN,0.0498,0.4,0,MAT,Trp,A,NaN
22.0557659208262,7.04512407488028,2.92072052867192,3.59230441270518,NaN,NaN,NaN,NaN,NaN,NaN,NaN,2905000,409210,1.385696,1,0,0,1,0.0498,0.4,0,MAT,Trp,A,NaN
15.5125645438898,5.95309098824554,2.69799616286506,3.4400127904498,NaN,NaN,NaN,NaN,NaN,NaN,NaN,2430000,570300,1.445088,1,0,0,1,0.0498,0.4,0,MAT,Trp,A,NaN
-2.02409638554217,-2.89497170222029,-0.48784907269239,-0.48784907269239,NaN,NaN,NaN,NaN,NaN,NaN,NaN,0,0,0,0,0,0,NaN,0.0498,0.4,0,MAT,Trp,A,NaN
-2.02409638554217,-2.89497170222029,-0.48784907269239,-0.48784907269239,NaN,NaN,NaN,NaN,NaN,NaN,NaN,0,0,0,0,0,0,NaN,0.0498,0.4,0,MAT,Trp,A,NaN
-2.02409638554217,-2.89497170222029,-0.48784907269239,-0.48784907269239,NaN,NaN,NaN,NaN,NaN,NaN,NaN,0,0,0,0,0,0,NaN,0.0498,0.4,0,MAT,Trp,A,NaN
-2.02409638554217,-2.89497170222029,-0.48784907269239,-0.48784907269239,NaN,NaN,NaN,NaN,NaN,NaN,NaN,0,0,0,0,0,0,NaN,0.0498,0.4,0,MAT,Trp,A,NaN
16.768330464716,5.3603178058337,2.86648902153059,4.10545725858026,NaN,NaN,NaN,NaN,NaN,NaN,NaN,NaN,NaN,0,0,0,0,NaN,0.0498,0.4,0,MAT,Trp,A,NaN
-2.02409638554217,-2.89497170222029,-0.48784907269239,-0.48784907269239,NaN,NaN,NaN,NaN,NaN,NaN,NaN,0,0,0,0,0,0,NaN,0.0498,0.4,0,MAT,Trp,A,NaN
-2.02409638554217,-2.89497170222029,-0.48784907269239,-0.48784907269239,NaN,NaN,NaN,NaN,NaN,NaN,NaN,0,0,0,0,0,0,NaN,0.0498,0.4,0,MAT,Trp,A,NaN
17.0106712564544,6.20611667392251,2.77525047964187,3.64551268386272,NaN,NaN,NaN,NaN,NaN,NaN,NaN,NaN,NaN,0,0,0,0,NaN,0.0498,0.4,0,MAT,Trp,A,NaN
-2.02409638554217,-2.89497170222029,-0.48784907269239,-0.48784907269239,NaN,NaN,NaN,NaN,NaN,NaN,NaN,0,0,0,0,0,0,NaN,0.0498,0.4,0,MAT,Trp,A,NaN
-2.02409638554217,-2.89497170222029,-0.48784907269239,-0.48784907269239,NaN,NaN,NaN,NaN,NaN,NaN,NaN,0,0,0,0,0,0,NaN,0.0498,0.4,0,MAT,Trp,A,NaN
-2.02409638554217,-2.89497170222029,-0.48784907269239,-0.48784907269239,NaN,NaN,NaN,NaN,NaN,NaN,NaN,0,0,0,0,0,0,NaN,0.0498,0.4,0,MAT,Trp,A,NaN
-2.02409638554217,-2.89497170222029,-0.48784907269239,-0.48784907269239,NaN,NaN,NaN,NaN,NaN,NaN,NaN,0,0,0,0,0,0,NaN,0.0498,0.4,0,MAT,Trp,A,NaN
25.8010327022375,11.1504788855028,2.72698784907269,3.34979748454487,NaN,NaN,NaN,NaN,NaN,NaN,NaN,3586900,642500,1.5568,1,0,0,1,0.0498,0.4,0,MAT,Trp,A,NaN
-2.02409638554217,-2.89497170222029,-0.48784907269239,-0.48784907269239,NaN,NaN,NaN,NaN,NaN,NaN,NaN,0,0,0,0,0,0,NaN,0.0498,0.4,0,MAT,Trp,A,NaN
-2.02409638554217,-2.89497170222029,-0.48784907269239,-0.48784907269239,NaN,NaN,NaN,NaN,NaN,NaN,NaN,0,0,0,0,0,0,NaN,0.0498,0.4,0,MAT,Trp,A,NaN
-2.02409638554217,-2.89497170222029,-0.48784907269239,-0.48784907269239,NaN,NaN,NaN,NaN,NaN,NaN,NaN,0,0,0,0,0,0,NaN,0.0498,0.4,0,MAT,Trp,A,NaN
-2.02409638554217,-2.89497170222029,-0.48784907269239,-0.48784907269239,NaN,NaN,NaN,NaN,NaN,NaN,NaN,0,0,0,0,0,0,NaN,0.0498,0.4,0,MAT,Trp,A,NaN
15.8430292598967,7.10328689595124,2.28699637603922,3.62078448092091,NaN,NaN,NaN,NaN,NaN,NaN,NaN,3737000,645790,1.529712,1,0,0,1,0.0498,0.4,0,MAT,Trp,A,NaN
12.0537005163511,4.93680888114933,2.48362822425922,3.45808995949691,NaN,NaN,NaN,NaN,NaN,NaN,NaN,NaN,NaN,0,0,0,0,NaN,0.0498,0.4,0,MAT,Trp,A,NaN
-2.02409638554217,-2.89497170222029,-0.48784907269239,-0.48784907269239,NaN,NaN,NaN,NaN,NaN,NaN,NaN,0,0,0,0,0,0,NaN,0.0498,0.4,0,MAT,Trp,A,NaN
-2.02409638554217,-2.89497170222029,-0.48784907269239,-0.48784907269239,NaN,NaN,NaN,NaN,NaN,NaN,NaN,0,0,0,0,0,0,NaN,0.0498,0.4,0,MAT,Trp,A,NaN
-2.02409638554217,-2.89497170222029,-0.48784907269239,-0.48784907269239,NaN,NaN,NaN,NaN,NaN,NaN,NaN,0,0,0,0,0,0,NaN,0.0498,0.4,0,MAT,Trp,A,NaN
-2.02409638554217,-2.89497170222029,-0.48784907269239,-0.48784907269239,NaN,NaN,NaN,NaN,NaN,NaN,NaN,0,0,0,0,0,0,NaN,0.0498,0.4,0,MAT,Trp,A,NaN
-2.02409638554217,-2.89497170222029,-0.48784907269239,-0.48784907269239,NaN,NaN,NaN,NaN,NaN,NaN,NaN,0,0,0,0,0,0,NaN,0.0498,0.4,0,MAT,Trp,A,NaN
16.7462994836489,7.55500653025686,2.15551055212108,2.99302920486037,NaN,NaN,NaN,NaN,NaN,NaN,NaN,NaN,NaN,0,0,0,0,NaN,0.0498,0.4,0,MAT,Trp,A,NaN
-2.02409638554217,-2.89497170222029,-0.48784907269239,-0.48784907269239,NaN,NaN,NaN,NaN,NaN,NaN,NaN,0,0,0,0,0,0,NaN,0.0498,0.4,0,MAT,Trp,A,NaN
9.03545611015491,4.05339573356552,2.06631848219996,3.0760818588787,NaN,NaN,NaN,NaN,NaN,NaN,NaN,10124000,1318200,1.292832,1,0,0,1,0.0498,0.4,0,MAT,Trp,A,NaN
15.0719449225473,5.50555071832826,2.5030697079514,3.35644851843957,NaN,NaN,NaN,NaN,NaN,NaN,NaN,1795000,188410,1.168768,1,0,0,1,0.0498,0.4,0,MAT,Trp,A,NaN
-2.02409638554217,-2.89497170222029,-0.48784907269239,-0.48784907269239,NaN,NaN,NaN,NaN,NaN,NaN,NaN,0,0,0,0,0,0,NaN,0.0498,0.4,0,MAT,Trp,A,NaN
-2.02409638554217,-2.89497170222029,-0.48784907269239,-0.48784907269239,NaN,NaN,NaN,NaN,NaN,NaN,NaN,0,0,0,0,0,0,NaN,0.0498,0.4,0,MAT,Trp,A,NaN
-2.02409638554217,-2.89497170222029,-0.48784907269239,-0.48784907269239,NaN,NaN,NaN,NaN,NaN,NaN,NaN,0,0,0,0,0,0,NaN,0.0498,0.4,0,MAT,Trp,A,NaN
-2.02409638554217,-2.89497170222029,-0.48784907269239,-0.48784907269239,NaN,NaN,NaN,NaN,NaN,NaN,NaN,0,0,0,0,0,0,NaN,0.0498,0.4,0,MAT,Trp,A,NaN
20.3593803786575,8.05687853722246,2.52063525900661,2.90656576422938,NaN,NaN,NaN,NaN,NaN,NaN,NaN,2864800,557520,1.46952,1,0,0,1,0.0498,0.4,0,MAT,Trp,A,NaN
-2.02409638554217,-2.89497170222029,-0.48784907269239,-0.48784907269239,NaN,NaN,NaN,NaN,NaN,NaN,NaN,0,0,0,0,0,0,NaN,0.0498,0.4,0,MAT,Trp,A,NaN
-2.02409638554217,-2.89497170222029,-0.48784907269239,-0.48784907269239,NaN,NaN,NaN,NaN,NaN,NaN,NaN,0,0,0,0,0,0,NaN,0.0498,0.4,0,MAT,Trp,A,NaN
-2.02409638554217,-2.89497170222029,-0.48784907269239,-0.48784907269239,NaN,NaN,NaN,NaN,NaN,NaN,NaN,0,0,0,0,0,0,NaN,0.0498,0.4,0,MAT,Trp,A,NaN
9.98278829604131,4.00028297779713,2.29825197186101,2.78974632274568,NaN,NaN,NaN,NaN,NaN,NaN,NaN,1061900,191480,1.277568,1,0,0,1,0.0498,0.4,0,MAT,Trp,A,NaN
-2.02409638554217,-2.89497170222029,-0.48784907269239,-0.48784907269239,NaN,NaN,NaN,NaN,NaN,NaN,NaN,0,0,0,0,0,0,NaN,0.0498,0.4,0,MAT,Trp,A,NaN
-2.02409638554217,-2.89497170222029,-0.48784907269239,-0.48784907269239,NaN,NaN,NaN,NaN,NaN,NaN,NaN,0,0,0,0,0,0,NaN,0.0498,0.4,0,MAT,Trp,A,NaN
15.7328743545611,7.83380496299521,2.07024088680452,2.66286506075464,NaN,NaN,NaN,NaN,NaN,NaN,NaN,NaN,NaN,0,0,0,0,NaN,0.0498,0.4,0,MAT,Trp,A,NaN
-2.02409638554217,-2.89497170222029,-0.48784907269239,-0.48784907269239,NaN,NaN,NaN,NaN,NaN,NaN,NaN,0,0,0,0,0,0,NaN,0.0498,0.4,0,MAT,Trp,A,NaN
-2.02409638554217,-2.89497170222029,-0.48784907269239,-0.48784907269239,NaN,NaN,NaN,NaN,NaN,NaN,NaN,0,0,0,0,0,0,NaN,0.0498,0.4,0,MAT,Trp,A,NaN
-2.02409638554217,-2.89497170222029,-0.48784907269239,-0.48784907269239,NaN,NaN,NaN,NaN,NaN,NaN,NaN,0,0,0,0,0,0,NaN,0.0498,0.4,0,MAT,Trp,A,NaN
-2.02409638554217,-2.89497170222029,-0.48784907269239,-0.48784907269239,NaN,NaN,NaN,NaN,NaN,NaN,NaN,0,0,0,0,0,0,NaN,0.0498,0.4,0,MAT,Trp,A,NaN
13.2433734939759,5.41221158032216,2.50801534853976,3.24952035813259,NaN,NaN,NaN,NaN,NaN,NaN,NaN,2328900,535200,1.300064,1,0,0,1,0.0498,0.4,0,MAT,Trp,A,NaN
21.7473321858864,8.90354810622551,2.6096567895971,3.22479215519079,NaN,NaN,NaN,NaN,NaN,NaN,NaN,3665100,624750,1.47632,1,0,0,1,0.0498,0.4,0,MAT,Trp,A,NaN
19.3459552495697,7.47350892468437,2.77559155830313,4.26388829673844,NaN,NaN,NaN,NaN,NaN,NaN,NaN,5450100,591700,1.597424,1,0,0,1,0.0498,0.4,0,MAT,Trp,A,NaN
-2.02409638554217,-2.89497170222029,-0.48784907269239,-0.48784907269239,NaN,NaN,NaN,NaN,NaN,NaN,NaN,0,0,0,0,0,0,NaN,0.0498,0.4,0,MAT,Trp,A,NaN
-2.02409638554217,-2.89497170222029,-0.48784907269239,-0.48784907269239,NaN,NaN,NaN,NaN,NaN,NaN,NaN,0,0,0,0,0,0,NaN,0.0498,0.4,0,MAT,Trp,A,NaN
-2.02409638554217,-2.89497170222029,-0.48784907269239,-0.48784907269239,NaN,NaN,NaN,NaN,NaN,NaN,NaN,0,0,0,0,0,0,NaN,0.0498,0.4,0,MAT,Trp,A,NaN
-2.02409638554217,-2.89497170222029,-0.48784907269239,-0.48784907269239,NaN,NaN,NaN,NaN,NaN,NaN,NaN,0,0,0,0,0,0,NaN,0.0498,0.4,0,MAT,Trp,A,NaN
21.2406196213425,7.12070091423596,2.83766787465359,3.45484971221488,NaN,NaN,NaN,NaN,NaN,NaN,NaN,4089500,919250,1.423584,1,0,0,1,0.0498,0.4,0,MAT,Trp,A,NaN
-2.02409638554217,-2.89497170222029,-0.48784907269239,-0.48784907269239,NaN,NaN,NaN,NaN,NaN,NaN,NaN,0,0,0,0,0,0,NaN,0.0498,0.4,0,MAT,Trp,A,NaN
21.6592082616179,6.58887679582064,2.85455126838627,3.58070773822213,NaN,NaN,NaN,NaN,NaN,NaN,NaN,3859600,749060,1.251648,1,0,0,1,0.0498,0.4,0,MAT,Trp,A,NaN
-2.02409638554217,-2.89497170222029,-0.48784907269239,-0.48784907269239,NaN,NaN,NaN,NaN,NaN,NaN,NaN,0,0,0,0,0,0,NaN,0.0498,0.4,0,MAT,Trp,A,NaN
-2.02409638554217,-2.89497170222029,-0.48784907269239,-0.48784907269239,NaN,NaN,NaN,NaN,NaN,NaN,NaN,0,0,0,0,0,0,NaN,0.0498,0.4,0,MAT,Trp,A,NaN
-2.02409638554217,-2.89497170222029,-0.48784907269239,-0.48784907269239,NaN,NaN,NaN,NaN,NaN,NaN,NaN,0,0,0,0,0,0,NaN,0.0498,0.4,0,MAT,Trp,A,NaN
18.1562822719449,7.03328254244667,2.86529524621616,3.52835216371776,NaN,NaN,NaN,NaN,NaN,NaN,NaN,3798700,682520,1.20544,1,0,0,1,0.0498,0.4,0,MAT,Trp,A,NaN
-2.02409638554217,-2.89497170222029,-0.48784907269239,-0.48784907269239,NaN,NaN,NaN,NaN,NaN,NaN,NaN,0,0,0,0,0,0,NaN,0.0498,0.4,0,MAT,Trp,A,NaN
-2.02409638554217,-2.89497170222029,-0.48784907269239,-0.48784907269239,NaN,NaN,NaN,NaN,NaN,NaN,NaN,0,0,0,0,0,0,NaN,0.0498,0.4,0,MAT,Trp,A,NaN
-2.02409638554217,-2.89497170222029,-0.48784907269239,-0.48784907269239,NaN,NaN,NaN,NaN,NaN,NaN,NaN,0,0,0,0,0,0,NaN,0.0498,0.4,0,MAT,Trp,A,NaN
19.8746987951807,7.02683935568133,2.82658281816244,3.3520144958431,NaN,NaN,NaN,NaN,NaN,NaN,NaN,4364600,612630,1.152416,1,0,0,1,0.0498,0.4,0,MAT,Trp,A,NaN
16.1074010327022,5.63789725729212,2.8866126625453,3.67808569601364,NaN,NaN,NaN,NaN,NaN,NaN,NaN,4223600,988500,1.438928,1,0,0,1,0.0498,0.4,0,MAT,Trp,A,NaN
-2.02409638554217,-2.89497170222029,-0.48784907269239,-0.48784907269239,NaN,NaN,NaN,NaN,NaN,NaN,NaN,0,0,0,0,0,0,NaN,0.0498,0.4,0,MAT,Trp,A,NaN
-2.02409638554217,-2.89497170222029,-0.48784907269239,-0.48784907269239,NaN,NaN,NaN,NaN,NaN,NaN,NaN,0,0,0,0,0,0,NaN,0.0498,0.4,0,MAT,Trp,A,NaN
-2.02409638554217,-2.89497170222029,-0.48784907269239,-0.48784907269239,NaN,NaN,NaN,NaN,NaN,NaN,NaN,0,0,0,0,0,0,NaN,0.0498,0.4,0,MAT,Trp,A,NaN
21.7693631669535,7.99471049194602,2.57589000213174,3.42722234065231,NaN,NaN,NaN,NaN,NaN,NaN,NaN,5228600,557770,5.5512,2,0,0,3,0.0498,0.4,0,MAT,Trp,A,NaN
-2.02409638554217,-2.89497170222029,-0.48784907269239,-0.48784907269239,NaN,NaN,NaN,NaN,NaN,NaN,NaN,0,0,0,0,0,0,NaN,0.0498,0.4,0,MAT,Trp,A,NaN
12.3621342512909,4.73289072703526,2.43468343636751,3.21950543594116,NaN,NaN,NaN,NaN,NaN,NaN,NaN,NaN,NaN,0,0,0,0,NaN,0.0498,0.4,0,MAT,Trp,A,NaN
11.4368330464716,3.77268175881585,2.6395011724579,3.56928160306971,NaN,NaN,NaN,NaN,NaN,NaN,NaN,NaN,NaN,0,0,0,0,NaN,0.0498,0.4,0,MAT,Trp,A,NaN
19.8306368330465,7.81865476708751,2.71180984864634,3.5743977829887,NaN,NaN,NaN,NaN,NaN,NaN,NaN,10139000,1119600,1.461568,1,0,0,1,0.0498,0.4,0,MAT,Trp,A,NaN
15.4464716006885,4.99340444057466,2.76160733319122,3.79149435088467,NaN,NaN,NaN,NaN,NaN,NaN,NaN,NaN,NaN,0,0,0,0,NaN,0.0498,0.4,0,MAT,Trp,A,NaN
18.3545611015491,6.60089246843709,2.54092943935195,3.29454274141974,NaN,NaN,NaN,NaN,NaN,NaN,NaN,4744000,381280,4.71312,2,0,0,3,0.0498,0.4,0,MAT,Trp,A,NaN
15.005851979346,5.84895515890292,2.48601577488808,3.5239181411213,NaN,NaN,NaN,NaN,NaN,NaN,NaN,NaN,NaN,0,0,0,0,NaN,0.0498,0.4,0,MAT,Trp,A,NaN
-2.02409638554217,-2.89497170222029,-0.48784907269239,-0.48784907269239,NaN,NaN,NaN,NaN,NaN,NaN,NaN,0,0,0,0,0,0,NaN,0.0498,0.4,0,MAT,Trp,A,NaN
-2.02409638554217,-2.89497170222029,-0.48784907269239,-0.48784907269239,NaN,NaN,NaN,NaN,NaN,NaN,NaN,0,0,0,0,0,0,NaN,0.0498,0.4,0,MAT,Trp,A,NaN
-2.02409638554217,-2.89497170222029,-0.48784907269239,-0.48784907269239,NaN,NaN,NaN,NaN,NaN,NaN,NaN,0,0,0,0,0,0,NaN,0.0498,0.4,0,MAT,Trp,A,NaN
3.41755593803787,3.10520243796256,0.959808143253038,1.33316989980814,NaN,NaN,NaN,NaN,NaN,NaN,NaN,2002600,570780,1.185584,1,0,0,1,0.0498,0.4,0,MAT,Trp,A,NaN
-2.02409638554217,-2.89497170222029,-0.48784907269239,-0.48784907269239,NaN,NaN,NaN,NaN,NaN,NaN,NaN,0,0,0,0,0,0,NaN,0.0498,0.4,0,MAT,Trp,A,NaN
29.3259896729776,11.4491292990858,2.8032189298657,3.65233425708804,NaN,NaN,NaN,NaN,NaN,NaN,NaN,NaN,NaN,0,0,0,0,NaN,0.0498,0.4,0,MAT,Trp,A,NaN
-2.02409638554217,-2.89497170222029,-0.48784907269239,-0.48784907269239,NaN,NaN,NaN,NaN,NaN,NaN,NaN,0,0,0,0,0,0,NaN,0.0498,0.4,0,MAT,Trp,A,NaN
-2.02409638554217,-2.89497170222029,-0.48784907269239,-0.48784907269239,NaN,NaN,NaN,NaN,NaN,NaN,NaN,0,0,0,0,0,0,NaN,0.0498,0.4,0,MAT,Trp,A,NaN
-2.02409638554217,-2.89497170222029,-0.48784907269239,-0.48784907269239,NaN,NaN,NaN,NaN,NaN,NaN,NaN,0,0,0,0,0,0,NaN,0.0498,0.4,0,MAT,Trp,A,NaN
-2.02409638554217,-2.89497170222029,-0.48784907269239,-0.48784907269239,NaN,NaN,NaN,NaN,NaN,NaN,NaN,0,0,0,0,0,0,NaN,0.0498,0.4,0,MAT,Trp,A,NaN
-2.02409638554217,-2.89497170222029,-0.48784907269239,-0.48784907269239,NaN,NaN,NaN,NaN,NaN,NaN,NaN,0,0,0,0,0,0,NaN,0.0498,0.4,0,MAT,Trp,A,NaN
14.9177280550775,6.36754462342186,2.37976977190365,2.8279471328075,NaN,NaN,NaN,NaN,NaN,NaN,NaN,2486400,426440,1.246272,1,0,0,1,0.0498,0.4,0,MAT,Trp,A,NaN
24.9197934595525,10.4828254244667,2.51892986570028,3.03123001492219,NaN,NaN,NaN,NaN,NaN,NaN,NaN,3839500,577840,1.79232,1,0,0,1,0.0498,0.4,0,MAT,Trp,A,NaN
21.0643717728055,8.11260339573357,2.72664677041143,3.29812406736304,NaN,NaN,NaN,NaN,NaN,NaN,NaN,3102300,436500,1.233632,1,0,0,1,0.0498,0.4,0,MAT,Trp,A,NaN
-2.02409638554217,-2.89497170222029,-0.48784907269239,-0.48784907269239,NaN,NaN,NaN,NaN,NaN,NaN,NaN,0,0,0,0,0,0,NaN,0.0498,0.4,0,MAT,Trp,A,NaN
-2.02409638554217,-2.89497170222029,-0.48784907269239,-0.48784907269239,NaN,NaN,NaN,NaN,NaN,NaN,NaN,0,0,0,0,0,0,NaN,0.0498,0.4,0,MAT,Trp,A,NaN
-2.02409638554217,-2.89497170222029,-0.48784907269239,-0.48784907269239,NaN,NaN,NaN,NaN,NaN,NaN,NaN,0,0,0,0,0,0,NaN,0.0498,0.4,0,MAT,Trp,A,NaN
-2.02409638554217,-2.89497170222029,-0.48784907269239,-0.48784907269239,NaN,NaN,NaN,NaN,NaN,NaN,NaN,0,0,0,0,0,0,NaN,0.0498,0.4,0,MAT,Trp,A,NaN
-2.02409638554217,-2.89497170222029,-0.48784907269239,-0.48784907269239,NaN,NaN,NaN,NaN,NaN,NaN,NaN,0,0,0,0,0,0,NaN,0.0498,0.4,0,MAT,Trp,A,NaN
16.6141135972461,8.06314758380496,2.31377105094863,3.357642293754,NaN,NaN,NaN,NaN,NaN,NaN,NaN,NaN,NaN,0,0,0,0,NaN,0.0498,0.4,0,MAT,Trp,A,NaN
-2.02409638554217,-2.89497170222029,-0.48784907269239,-0.48784907269239,NaN,NaN,NaN,NaN,NaN,NaN,NaN,0,0,0,0,0,0,NaN,0.0498,0.4,0,MAT,Trp,A,NaN
17.8698795180723,6.47255115367871,2.64308249840119,3.58787039010872,NaN,NaN,NaN,NaN,NaN,NaN,NaN,4997800,455460,5.21488,2,0,0,3,0.0498,0.4,0,MAT,Trp,A,NaN
9.6302925989673,3.20707444492817,2.72579407375826,3.67382221274781,NaN,NaN,NaN,NaN,NaN,NaN,NaN,3113500,556340,1.421392,1,0,0,1,0.0498,0.4,0,MAT,Trp,A,NaN
-2.02409638554217,-2.89497170222029,-0.48784907269239,-0.48784907269239,NaN,NaN,NaN,NaN,NaN,NaN,NaN,0,0,0,0,0,0,NaN,0.0498,0.4,0,MAT,Trp,A,NaN
-2.02409638554217,-2.89497170222029,-0.48784907269239,-0.48784907269239,NaN,NaN,NaN,NaN,NaN,NaN,NaN,0,0,0,0,0,0,NaN,0.0498,0.4,0,MAT,Trp,A,NaN
-2.02409638554217,-2.89497170222029,-0.48784907269239,-0.48784907269239,NaN,NaN,NaN,NaN,NaN,NaN,NaN,0,0,0,0,0,0,NaN,0.0498,0.4,0,MAT,Trp,A,NaN
-2.02409638554217,-2.89497170222029,-0.48784907269239,-0.48784907269239,NaN,NaN,NaN,NaN,NaN,NaN,NaN,0,0,0,0,0,0,NaN,0.0498,0.4,0,MAT,Trp,A,NaN
15.9091222030981,6.25278624292555,2.64240034107866,3.44325303773183,NaN,NaN,NaN,NaN,NaN,NaN,NaN,3554000,714870,1.336848,1,0,0,1,0.0498,0.4,0,MAT,Trp,A,NaN
-2.02409638554217,-2.89497170222029,-0.48784907269239,-0.48784907269239,NaN,NaN,NaN,NaN,NaN,NaN,NaN,0,0,0,0,0,0,NaN,0.0498,0.4,0,MAT,Trp,A,NaN
-2.02409638554217,-2.89497170222029,-0.48784907269239,-0.48784907269239,NaN,NaN,NaN,NaN,NaN,NaN,NaN,0,0,0,0,0,0,NaN,0.0498,0.4,0,MAT,Trp,A,NaN
-2.02409638554217,-2.89497170222029,-0.48784907269239,-0.48784907269239,NaN,NaN,NaN,NaN,NaN,NaN,NaN,0,0,0,0,0,0,NaN,0.0498,0.4,0,MAT,Trp,A,NaN
-2.02409638554217,-2.89497170222029,-0.48784907269239,-0.48784907269239,NaN,NaN,NaN,NaN,NaN,NaN,NaN,0,0,0,0,0,0,NaN,0.0498,0.4,0,MAT,Trp,A,NaN
-2.02409638554217,-2.89497170222029,-0.48784907269239,-0.48784907269239,NaN,NaN,NaN,NaN,NaN,NaN,NaN,0,0,0,0,0,0,NaN,0.0498,0.4,0,MAT,Trp,A,NaN
14.3889845094664,5.07612102742708,2.83016414410573,3.6274355148156,NaN,NaN,NaN,NaN,NaN,NaN,NaN,NaN,NaN,0,0,0,0,NaN,0.0498,0.4,0,MAT,Trp,A,NaN
17.1648881239243,5.54159773617762,2.85813259432957,3.51999573651673,NaN,NaN,NaN,NaN,NaN,NaN,NaN,NaN,NaN,0,0,0,0,NaN,0.0498,0.4,0,MAT,Trp,A,NaN
10.974182444062,4.11208097518502,2.61767213813686,3.32967384353016,NaN,NaN,NaN,NaN,NaN,NaN,NaN,3689100,586680,1.077904,1,0,0,1,0.0498,0.4,0,MAT,Trp,A,NaN
-2.02409638554217,-2.89497170222029,-0.48784907269239,-0.48784907269239,NaN,NaN,NaN,NaN,NaN,NaN,NaN,0,0,0,0,0,0,NaN,0.0498,0.4,0,MAT,Trp,A,NaN
-2.02409638554217,-2.89497170222029,-0.48784907269239,-0.48784907269239,NaN,NaN,NaN,NaN,NaN,NaN,NaN,0,0,0,0,0,0,NaN,0.0498,0.4,0,MAT,Trp,A,NaN
17.1428571428571,6.64860687853722,2.79332764868898,3.78791302494138,NaN,NaN,NaN,NaN,NaN,NaN,NaN,3265400,322190,1.049056,1,0,0,1,0.0498,0.4,0,MAT,Trp,A,NaN
18.5748709122203,6.08421854592947,2.89206992112556,3.48418247708378,NaN,NaN,NaN,NaN,NaN,NaN,NaN,2354600,362740,1.318368,1,0,0,1,0.0498,0.4,0,MAT,Trp,A,NaN
-2.02409638554217,-2.89497170222029,-0.48784907269239,-0.48784907269239,NaN,NaN,NaN,NaN,NaN,NaN,NaN,0,0,0,0,0,0,NaN,0.0498,0.4,0,MAT,Trp,A,NaN
15.9972461273666,5.96528080104484,2.72408868045193,3.25872948198678,NaN,NaN,NaN,NaN,NaN,NaN,NaN,6422300,549190,5.59264,2,0,0,3,0.0498,0.4,0,MAT,Trp,A,NaN
15.3363166953528,5.22187636047018,2.80867618844596,3.42329993604775,NaN,NaN,NaN,NaN,NaN,NaN,NaN,NaN,NaN,0,0,0,0,NaN,0.0498,0.4,0,MAT,Trp,A,NaN
-2.02409638554217,-2.89497170222029,-0.48784907269239,-0.48784907269239,NaN,NaN,NaN,NaN,NaN,NaN,NaN,0,0,0,0,0,0,NaN,0.0498,0.4,0,MAT,Trp,A,NaN
19.6764199655766,9.10694383979103,2.05915583031337,2.57196759752718,NaN,NaN,NaN,NaN,NaN,NaN,NaN,5637200,668790,1.427072,1,0,1,2,0.0498,0.4,0,MAT,Trp,A,NaN
25.1621342512909,9.56266869830213,2.70703474738862,3.55035173736943,NaN,NaN,NaN,NaN,NaN,NaN,NaN,3141800,334240,5.56448,2,0,0,3,0.0498,0.4,0,MAT,Trp,A,NaN
24.6333907056799,8.36597736177623,2.79946706459177,3.50874014069495,NaN,NaN,NaN,NaN,NaN,NaN,NaN,3643200,305980,1.186912,1,0,0,1,0.0498,0.4,0,MAT,Trp,A,NaN
-2.02409638554217,-2.89497170222029,-0.48784907269239,-0.48784907269239,NaN,NaN,NaN,NaN,NaN,NaN,NaN,0,0,0,0,0,0,NaN,0.0498,0.4,0,MAT,Trp,A,NaN
-2.02409638554217,-2.89497170222029,-0.48784907269239,-0.48784907269239,NaN,NaN,NaN,NaN,NaN,NaN,NaN,0,0,0,0,0,0,NaN,0.0498,0.4,0,MAT,Trp,A,NaN
-2.02409638554217,-2.89497170222029,-0.48784907269239,-0.48784907269239,NaN,NaN,NaN,NaN,NaN,NaN,NaN,0,0,0,0,0,0,NaN,0.0498,0.4,0,MAT,Trp,A,NaN
-2.02409638554217,-2.89497170222029,-0.48784907269239,-0.48784907269239,NaN,NaN,NaN,NaN,NaN,NaN,NaN,0,0,0,0,0,0,NaN,0.0498,0.4,0,MAT,Trp,A,NaN
-2.02409638554217,-2.89497170222029,-0.48784907269239,-0.48784907269239,NaN,NaN,NaN,NaN,NaN,NaN,NaN,0,0,0,0,0,0,NaN,0.0498,0.4,0,MAT,Trp,A,NaN
16.0853700516351,6.83754897692643,2.3862502664677,3.11360051161799,NaN,NaN,NaN,NaN,NaN,NaN,NaN,NaN,NaN,0,0,0,0,NaN,0.0498,0.4,0,MAT,Trp,A,NaN
15.1600688468158,6.25243796255986,2.48465146024302,3.48571733105948,NaN,NaN,NaN,NaN,NaN,NaN,NaN,5748500,370500,3.55984,2,1,0,4,0.0498,0.4,0,MAT,Trp,A,NaN
14.4110154905336,6.23258598171528,2.40893199744191,3.29488382008101,NaN,NaN,NaN,NaN,NaN,NaN,NaN,3054700,488750,1.348112,1,0,0,1,0.0498,0.4,0,MAT,Trp,A,NaN
-2.02409638554217,-2.89497170222029,-0.48784907269239,-0.48784907269239,NaN,NaN,NaN,NaN,NaN,NaN,NaN,0,0,0,0,0,0,NaN,0.0498,0.4,0,MAT,Trp,A,NaN
0.333218588640276,1.36676099259904,0.281180984864634,0.849588573864847,NaN,NaN,NaN,NaN,NaN,NaN,NaN,1741900,1011000,1.35312,1,0,0,1,0.0498,0.4,0,MAT,Trp,A,NaN
21.3067125645439,7.14177187636047,2.83067576209763,3.80940098060115,NaN,NaN,NaN,NaN,NaN,NaN,NaN,6572100,459960,6.7376,2,0,0,3,0.0498,0.4,0,MAT,Trp,A,NaN
-2.02409638554217,-2.89497170222029,-0.48784907269239,-0.48784907269239,NaN,NaN,NaN,NaN,NaN,NaN,NaN,0,0,0,0,0,0,NaN,0.0498,0.4,0,MAT,Trp,A,NaN
-2.02409638554217,-2.89497170222029,-0.48784907269239,-0.48784907269239,NaN,NaN,NaN,NaN,NaN,NaN,NaN,0,0,0,0,0,0,NaN,0.0498,0.4,0,MAT,Trp,A,NaN
-2.02409638554217,-2.89497170222029,-0.48784907269239,-0.48784907269239,NaN,NaN,NaN,NaN,NaN,NaN,NaN,0,0,0,0,0,0,NaN,0.0498,0.4,0,MAT,Trp,A,NaN
-2.02409638554217,-2.89497170222029,-0.48784907269239,-0.48784907269239,NaN,NaN,NaN,NaN,NaN,NaN,NaN,0,0,0,0,0,0,NaN,0.0498,0.4,0,MAT,Trp,A,NaN
15.4244406196213,5.32757945145842,2.53393732679599,3.26111703261565,NaN,NaN,NaN,NaN,NaN,NaN,NaN,2991800,573930,1.429136,1,0,0,1,0.0498,0.4,0,MAT,Trp,A,NaN
-2.02409638554217,-2.89497170222029,-0.48784907269239,-0.48784907269239,NaN,NaN,NaN,NaN,NaN,NaN,NaN,0,0,0,0,0,0,NaN,0.0498,0.4,0,MAT,Trp,A,NaN
-2.02409638554217,-2.89497170222029,-0.48784907269239,-0.48784907269239,NaN,NaN,NaN,NaN,NaN,NaN,NaN,0,0,0,0,0,0,NaN,0.0498,0.4,0,MAT,Trp,A,NaN
22.5184165232358,7.56162385720505,2.90793007887444,3.43046258793434,NaN,NaN,NaN,NaN,NaN,NaN,NaN,NaN,NaN,0,0,0,0,NaN,0.0498,0.4,0,MAT,Trp,A,NaN
19.7204819277108,7.89666956900305,2.62005968876572,3.59418034534214,NaN,NaN,NaN,NaN,NaN,NaN,NaN,4613100,317620,5.58128,2,0,0,3,0.0498,0.4,0,MAT,Trp,A,NaN
-2.02409638554217,-2.89497170222029,-0.48784907269239,-0.48784907269239,NaN,NaN,NaN,NaN,NaN,NaN,NaN,0,0,0,0,0,0,NaN,0.0498,0.4,0,MAT,Trp,A,NaN
13.4196213425129,5.20986068785372,2.48584523555745,3.26060541462375,NaN,NaN,NaN,NaN,NaN,NaN,NaN,9776800,1338100,5.1032,2,1,0,4,0.0498,0.4,0,MAT,Trp,A,NaN
-2.02409638554217,-2.89497170222029,-0.48784907269239,-0.48784907269239,NaN,NaN,NaN,NaN,NaN,NaN,NaN,0,0,0,0,0,0,NaN,0.0498,0.4,0,MAT,Trp,A,NaN
-2.02409638554217,-2.89497170222029,-0.48784907269239,-0.48784907269239,NaN,NaN,NaN,NaN,NaN,NaN,NaN,0,0,0,0,0,0,NaN,0.0498,0.4,0,MAT,Trp,A,NaN
23.7521514629948,9.59227252938616,2.51432530377318,3.64124920059689,NaN,NaN,NaN,NaN,NaN,NaN,NaN,4736500,399230,5.43328,2,0,0,3,0.0498,0.4,0,MAT,Trp,A,NaN
1.80929432013769,1.87385720505007,0.790991259859305,1.20888083564272,NaN,NaN,NaN,NaN,NaN,NaN,NaN,1831400,398960,1.190176,1,0,0,1,0.0498,0.4,0,MAT,Trp,A,NaN
17.1648881239243,6.30659555942534,2.73943722020891,3.53636751225751,NaN,NaN,NaN,NaN,NaN,NaN,NaN,NaN,NaN,0,0,0,0,NaN,0.0498,0.4,0,MAT,Trp,A,NaN
-2.02409638554217,-2.89497170222029,-0.48784907269239,-0.48784907269239,NaN,NaN,NaN,NaN,NaN,NaN,NaN,0,0,0,0,0,0,NaN,0.0498,0.4,0,MAT,Trp,A,NaN
-2.02409638554217,-2.89497170222029,-0.48784907269239,-0.48784907269239,NaN,NaN,NaN,NaN,NaN,NaN,NaN,0,0,0,0,0,0,NaN,0.0498,0.4,0,MAT,Trp,A,NaN
17.0106712564544,5.20324336090553,2.84585376252398,3.58036665956086,NaN,NaN,NaN,NaN,NaN,NaN,NaN,3342100,820630,1.486832,1,0,0,1,0.0498,0.4,0,MAT,Trp,A,NaN
-2.02409638554217,-2.89497170222029,-0.48784907269239,-0.48784907269239,NaN,NaN,NaN,NaN,NaN,NaN,NaN,0,0,0,0,0,0,NaN,0.0498,0.4,0,MAT,Trp,A,NaN
26.6382099827883,10.3233130169787,2.80748241313153,3.59094009806012,NaN,NaN,NaN,NaN,NaN,NaN,NaN,3834700,199530,7.004,2,1,0,4,0.0498,0.4,0,MAT,Trp,A,NaN
19.1476764199656,8.40254680017414,2.33764655723726,2.96830100191857,NaN,NaN,NaN,NaN,NaN,NaN,NaN,NaN,NaN,0,0,0,0,NaN,0.0498,0.4,0,MAT,Trp,A,NaN
10.7318416523236,4.32104919460166,2.48601577488808,3.46201236410147,NaN,NaN,NaN,NaN,NaN,NaN,NaN,1085600,132060,3.54752,2,1,0,4,0.0498,0.4,0,MAT,Trp,A,NaN
-2.02409638554217,-2.89497170222029,-0.48784907269239,-0.48784907269239,NaN,NaN,NaN,NaN,NaN,NaN,NaN,0,0,0,0,0,0,NaN,0.0498,0.4,0,MAT,Trp,A,NaN
24.4351118760757,8.20576839355681,2.90775953954381,3.6315284587508,NaN,NaN,NaN,NaN,NaN,NaN,NaN,4054100,469930,1.132832,1,0,0,1,0.0498,0.4,0,MAT,Trp,A,NaN
-2.02409638554217,-2.89497170222029,-0.48784907269239,-0.48784907269239,NaN,NaN,NaN,NaN,NaN,NaN,NaN,0,0,0,0,0,0,NaN,0.0498,0.4,0,MAT,Trp,A,NaN
-2.02409638554217,-2.89497170222029,-0.48784907269239,-0.48784907269239,NaN,NaN,NaN,NaN,NaN,NaN,NaN,0,0,0,0,0,0,NaN,0.0498,0.4,0,MAT,Trp,A,NaN
-2.02409638554217,-2.89497170222029,-0.48784907269239,-0.48784907269239,NaN,NaN,NaN,NaN,NaN,NaN,NaN,0,0,0,0,0,0,NaN,0.0498,0.4,0,MAT,Trp,A,NaN
-2.02409638554217,-2.89497170222029,-0.48784907269239,-0.48784907269239,NaN,NaN,NaN,NaN,NaN,NaN,NaN,0,0,0,0,0,0,NaN,0.0498,0.4,0,MAT,Trp,A,NaN
-2.02409638554217,-2.89497170222029,-0.48784907269239,-0.48784907269239,NaN,NaN,NaN,NaN,NaN,NaN,NaN,0,0,0,0,0,0,NaN,0.0498,0.4,0,MAT,Trp,A,NaN
-2.02409638554217,-2.89497170222029,-0.48784907269239,-0.48784907269239,NaN,NaN,NaN,NaN,NaN,NaN,NaN,0,0,0,0,0,0,NaN,0.0498,0.4,0,MAT,Trp,A,NaN
8.44061962134251,3.01186329995647,2.36680878277553,3.50379450010659,NaN,NaN,NaN,NaN,NaN,NaN,NaN,2908700,294990,1.033696,1,0,0,1,0.0498,0.4,0,MAT,Trp,A,NaN
19.6103270223752,6.34804092294297,2.83988488595182,3.91530590492432,NaN,NaN,NaN,NaN,NaN,NaN,NaN,4166300,380690,1.129984,1,0,0,1,0.0498,0.4,0,MAT,Trp,A,NaN
20.4034423407917,7.57903787548977,2.69970155617139,3.60918780643786,NaN,NaN,NaN,NaN,NaN,NaN,NaN,3851400,724050,1.50992,1,0,0,1,0.0498,0.4,0,MAT,Trp,A,NaN
-2.02409638554217,-2.89497170222029,-0.48784907269239,-0.48784907269239,NaN,NaN,NaN,NaN,NaN,NaN,NaN,0,0,0,0,0,0,NaN,0.0498,0.4,0,MAT,Trp,A,NaN
21.152495697074,7.75161079669134,2.89769771903645,3.49526753357493,NaN,NaN,NaN,NaN,NaN,NaN,NaN,2892000,540410,1.52752,1,0,0,1,0.0498,0.4,0,MAT,Trp,A,NaN
-2.02409638554217,-2.89497170222029,-0.48784907269239,-0.48784907269239,NaN,NaN,NaN,NaN,NaN,NaN,NaN,0,0,0,0,0,0,NaN,0.0498,0.4,0,MAT,Trp,A,NaN
19.213769363167,6.53036569438398,2.61664890215306,3.27748880835643,NaN,NaN,NaN,NaN,NaN,NaN,NaN,3424500,726770,1.48728,1,0,0,1,0.0498,0.4,0,MAT,Trp,A,NaN
14.7194492254733,5.66158032215934,2.6343849925389,3.43728416115967,NaN,NaN,NaN,NaN,NaN,NaN,NaN,5894700,825800,6.07536,2,0,0,3,0.0498,0.4,0,MAT,Trp,A,NaN
-2.02409638554217,-2.89497170222029,-0.48784907269239,-0.48784907269239,NaN,NaN,NaN,NaN,NaN,NaN,NaN,0,0,0,0,0,0,NaN,0.0498,0.4,0,MAT,Trp,A,NaN
10.797934595525,4.24164127122334,2.39989341291835,3.17704114261351,NaN,NaN,NaN,NaN,NaN,NaN,NaN,NaN,NaN,0,0,0,0,NaN,0.0498,0.4,0,MAT,Trp,A,NaN
-2.02409638554217,-2.89497170222029,-0.48784907269239,-0.48784907269239,NaN,NaN,NaN,NaN,NaN,NaN,NaN,0,0,0,0,0,0,NaN,0.0498,0.4,0,MAT,Trp,A,NaN
-2.02409638554217,-2.89497170222029,-0.48784907269239,-0.48784907269239,NaN,NaN,NaN,NaN,NaN,NaN,NaN,0,0,0,0,0,0,NaN,0.0498,0.4,0,MAT,Trp,A,NaN
-2.02409638554217,-2.89497170222029,-0.48784907269239,-0.48784907269239,NaN,NaN,NaN,NaN,NaN,NaN,NaN,0,0,0,0,0,0,NaN,0.0498,0.4,0,MAT,Trp,A,NaN
-2.02409638554217,-2.89497170222029,-0.48784907269239,-0.48784907269239,NaN,NaN,NaN,NaN,NaN,NaN,NaN,0,0,0,0,0,0,NaN,0.0498,0.4,0,MAT,Trp,A,NaN
16.1074010327022,6.36684806269047,2.54792155190791,3.37316137284161,NaN,NaN,NaN,NaN,NaN,NaN,NaN,3413200,978720,1.399856,1,0,0,1,0.0498,0.4,0,MAT,Trp,A,NaN
-2.02409638554217,-2.89497170222029,-0.48784907269239,-0.48784907269239,NaN,NaN,NaN,NaN,NaN,NaN,NaN,0,0,0,0,0,0,NaN,0.0498,0.4,0,MAT,Trp,A,NaN
-2.02409638554217,-2.89497170222029,-0.48784907269239,-0.48784907269239,NaN,NaN,NaN,NaN,NaN,NaN,NaN,0,0,0,0,0,0,NaN,0.0498,0.4,0,MAT,Trp,A,NaN
7.86781411359725,4.89013931214628,1.34885951822639,1.94949904071626,NaN,NaN,NaN,NaN,NaN,NaN,NaN,2239800,197150,1.411632,1,0,0,1,0.0498,0.4,0,MAT,Trp,A,NaN
-2.02409638554217,-2.89497170222029,-0.48784907269239,-0.48784907269239,NaN,NaN,NaN,NaN,NaN,NaN,NaN,0,0,0,0,0,0,NaN,0.0498,0.4,0,MAT,Trp,A,NaN
15.9531841652324,5.82945145842403,2.68367085909188,3.3581539117459,NaN,NaN,NaN,NaN,NaN,NaN,NaN,3133400,237570,0.941504,1,0,0,1,0.0498,0.4,0,MAT,Trp,A,NaN
-2.02409638554217,-2.89497170222029,-0.48784907269239,-0.48784907269239,NaN,NaN,NaN,NaN,NaN,NaN,NaN,0,0,0,0,0,0,NaN,0.0498,0.4,0,MAT,Trp,A,NaN
-2.02409638554217,-2.89497170222029,-0.48784907269239,-0.48784907269239,NaN,NaN,NaN,NaN,NaN,NaN,NaN,0,0,0,0,0,0,NaN,0.0498,0.4,0,MAT,Trp,A,NaN
-2.02409638554217,-2.89497170222029,-0.48784907269239,-0.48784907269239,NaN,NaN,NaN,NaN,NaN,NaN,NaN,0,0,0,0,0,0,NaN,0.0498,0.4,0,MAT,Trp,A,NaN
19.918760757315,5.82405311275577,2.89974419100405,3.59435088467278,NaN,NaN,NaN,NaN,NaN,NaN,NaN,NaN,NaN,0,0,0,0,NaN,0.0498,0.4,0,MAT,Trp,A,NaN
-2.02409638554217,-2.89497170222029,-0.48784907269239,-0.48784907269239,NaN,NaN,NaN,NaN,NaN,NaN,NaN,0,0,0,0,0,0,NaN,0.0498,0.4,0,MAT,Trp,A,NaN
-2.02409638554217,-2.89497170222029,-0.48784907269239,-0.48784907269239,NaN,NaN,NaN,NaN,NaN,NaN,NaN,0,0,0,0,0,0,NaN,0.0498,0.4,0,MAT,Trp,A,NaN
14.7194492254733,5.2702873313017,2.528821146877,3.4359198465146,NaN,NaN,NaN,NaN,NaN,NaN,NaN,2143100,426530,1.462224,1,0,0,1,0.0498,0.4,0,MAT,Trp,A,NaN
-2.02409638554217,-2.89497170222029,-0.48784907269239,-0.48784907269239,NaN,NaN,NaN,NaN,NaN,NaN,NaN,0,0,0,0,0,0,NaN,0.0498,0.4,0,MAT,Trp,A,NaN
-2.02409638554217,-2.89497170222029,-0.48784907269239,-0.48784907269239,NaN,NaN,NaN,NaN,NaN,NaN,NaN,0,0,0,0,0,0,NaN,0.0498,0.4,0,MAT,Trp,A,NaN
-2.02409638554217,-2.89497170222029,-0.48784907269239,-0.48784907269239,NaN,NaN,NaN,NaN,NaN,NaN,NaN,0,0,0,0,0,0,NaN,0.0498,0.4,0,MAT,Trp,A,NaN
15.6006884681583,5.94368741837179,2.7223832871456,3.48162438712428,NaN,NaN,NaN,NaN,NaN,NaN,NaN,2231000,256010,1.037616,1,0,0,1,0.0498,0.4,0,MAT,Trp,A,NaN
-2.02409638554217,-2.89497170222029,-0.48784907269239,-0.48784907269239,NaN,NaN,NaN,NaN,NaN,NaN,NaN,0,0,0,0,0,0,NaN,0.0498,0.4,0,MAT,Trp,A,NaN
-2.02409638554217,-2.89497170222029,-0.48784907269239,-0.48784907269239,NaN,NaN,NaN,NaN,NaN,NaN,NaN,0,0,0,0,0,0,NaN,0.0498,0.4,0,MAT,Trp,A,NaN
-2.02409638554217,-2.89497170222029,-0.48784907269239,-0.48784907269239,NaN,NaN,NaN,NaN,NaN,NaN,NaN,0,0,0,0,0,0,NaN,0.0498,0.4,0,MAT,Trp,A,NaN
-2.02409638554217,-2.89497170222029,-0.48784907269239,-0.48784907269239,NaN,NaN,NaN,NaN,NaN,NaN,NaN,0,0,0,0,0,0,NaN,0.0498,0.4,0,MAT,Trp,A,NaN
-2.02409638554217,-2.89497170222029,-0.48784907269239,-0.48784907269239,NaN,NaN,NaN,NaN,NaN,NaN,NaN,0,0,0,0,0,0,NaN,0.0498,0.4,0,MAT,Trp,A,NaN
-2.02409638554217,-2.89497170222029,-0.48784907269239,-0.48784907269239,NaN,NaN,NaN,NaN,NaN,NaN,NaN,0,0,0,0,0,0,NaN,0.0498,0.4,0,MAT,Trp,A,NaN
-2.02409638554217,-2.89497170222029,-0.48784907269239,-0.48784907269239,NaN,NaN,NaN,NaN,NaN,NaN,NaN,0,0,0,0,0,0,NaN,0.0498,0.4,0,MAT,Trp,A,NaN
-2.02409638554217,-2.89497170222029,-0.48784907269239,-0.48784907269239,NaN,NaN,NaN,NaN,NaN,NaN,NaN,0,0,0,0,0,0,NaN,0.0498,0.4,0,MAT,Trp,A,NaN
-2.02409638554217,-2.89497170222029,-0.48784907269239,-0.48784907269239,NaN,NaN,NaN,NaN,NaN,NaN,NaN,0,0,0,0,0,0,NaN,0.0498,0.4,0,MAT,Trp,A,NaN
-2.02409638554217,-2.89497170222029,-0.48784907269239,-0.48784907269239,NaN,NaN,NaN,NaN,NaN,NaN,NaN,0,0,0,0,0,0,NaN,0.0498,0.4,0,MAT,Trp,A,NaN
-2.02409638554217,-2.89497170222029,-0.48784907269239,-0.48784907269239,NaN,NaN,NaN,NaN,NaN,NaN,NaN,0,0,0,0,0,0,NaN,0.0498,0.4,0,MAT,Trp,A,NaN
-2.02409638554217,-2.89497170222029,-0.48784907269239,-0.48784907269239,NaN,NaN,NaN,NaN,NaN,NaN,NaN,0,0,0,0,0,0,NaN,0.0498,0.4,0,MAT,Trp,A,NaN
-2.02409638554217,-2.89497170222029,-0.48784907269239,-0.48784907269239,NaN,NaN,NaN,NaN,NaN,NaN,NaN,0,0,0,0,0,0,NaN,0.0498,0.4,0,MAT,Trp,A,NaN
-2.02409638554217,-2.89497170222029,-0.48784907269239,-0.48784907269239,NaN,NaN,NaN,NaN,NaN,NaN,NaN,0,0,0,0,0,0,NaN,0.0498,0.4,0,MAT,Trp,A,NaN
17.8037865748709,6.29579886808881,2.65979535280324,3.38509912598593,NaN,NaN,NaN,NaN,NaN,NaN,NaN,5427300,1489200,1.27176,1,0,0,1,0.0498,0.4,0,MAT,Trp,A,NaN
19.2798623063683,6.96136264693078,2.81549776167129,3.48861649968024,NaN,NaN,NaN,NaN,NaN,NaN,NaN,3127000,646740,1.556816,1,0,0,1,0.0498,0.4,0,MAT,Trp,A,NaN
-2.02409638554217,-2.89497170222029,-0.48784907269239,-0.48784907269239,NaN,NaN,NaN,NaN,NaN,NaN,NaN,0,0,0,0,0,0,NaN,0.0498,0.4,0,MAT,Trp,A,NaN
-2.02409638554217,-2.89497170222029,-0.48784907269239,-0.48784907269239,NaN,NaN,NaN,NaN,NaN,NaN,NaN,0,0,0,0,0,0,NaN,0.0498,0.4,0,MAT,Trp,A,NaN
-2.02409638554217,-2.89497170222029,-0.48784907269239,-0.48784907269239,NaN,NaN,NaN,NaN,NaN,NaN,NaN,0,0,0,0,0,0,NaN,0.0498,0.4,0,MAT,Trp,A,NaN
-2.02409638554217,-2.89497170222029,-0.48784907269239,-0.48784907269239,NaN,NaN,NaN,NaN,NaN,NaN,NaN,0,0,0,0,0,0,NaN,0.0498,0.4,0,MAT,Trp,A,NaN
